/*--------------------------------*- C++ -*----------------------------------*\
  =========                 |
  \\      /  F ield         | OpenFOAM: The Open Source CFD Toolbox
   \\    /   O peration     | Website:  https://openfoam.org
    \\  /    A nd           | Version:  6
     \\/     M anipulation  |
\*---------------------------------------------------------------------------*/
FoamFile
{
    version     2.0;
    format      ascii;
    class       volScalarField;
    location    "1";
    object      p;
}
// * * * * * * * * * * * * * * * * * * * * * * * * * * * * * * * * * * * * * //

dimensions      [0 2 -2 0 0 0 0];

internalField   nonuniform List<scalar> 
4800
(
7.59758e-11
-0.00096438
-0.00304626
-0.00568364
-0.00874019
-0.0122105
-0.0157826
-0.0192555
-0.0224862
-0.025389
-0.0277813
-0.0295183
-0.0307048
-0.0316259
-0.0325628
-0.0336352
-0.0347153
-0.0356405
-0.0360982
-0.0358259
-1.25851e-06
-0.000962766
-0.00304536
-0.00568091
-0.00873862
-0.0122111
-0.0157828
-0.0192558
-0.0224862
-0.0253916
-0.0277823
-0.0295215
-0.0307077
-0.0316293
-0.0325659
-0.0336356
-0.0347236
-0.0356575
-0.0361244
-0.0358905
-1.00874e-05
-0.000957278
-0.00304212
-0.00567012
-0.00873384
-0.0122116
-0.0157831
-0.0192554
-0.0224882
-0.0254
-0.0277891
-0.0295313
-0.0307151
-0.0316377
-0.0325699
-0.0336352
-0.0347426
-0.0356974
-0.0361855
-0.0360493
-2.26986e-05
-0.000951154
-0.00303434
-0.0056492
-0.00872415
-0.0122103
-0.0157799
-0.0192515
-0.0224933
-0.0254167
-0.0278053
-0.0295475
-0.0307283
-0.0316491
-0.0325739
-0.0336342
-0.0347858
-0.0357748
-0.036296
-0.0363016
-2.63283e-05
-0.000952148
-0.00302105
-0.00562033
-0.00870906
-0.0122043
-0.0157671
-0.0192416
-0.0225015
-0.0254436
-0.0278344
-0.0295701
-0.0307474
-0.0316631
-0.0325763
-0.0336335
-0.0348614
-0.0358965
-0.036475
-0.0365394
-1.41141e-05
-0.000965299
-0.00300433
-0.00558581
-0.0086912
-0.0121901
-0.0157407
-0.0192247
-0.0225139
-0.0254837
-0.0278787
-0.0296003
-0.0307734
-0.0316813
-0.032579
-0.0336347
-0.0349687
-0.036053
-0.0366364
-0.0366961
1.02646e-05
-0.000989643
-0.00298769
-0.00554703
-0.00867522
-0.0121655
-0.0157005
-0.0192024
-0.0225346
-0.0255408
-0.027939
-0.029643
-0.0308082
-0.0317064
-0.0325915
-0.0336456
-0.0350978
-0.036219
-0.0367537
-0.0367381
4.13203e-05
-0.00101937
-0.00297247
-0.00550588
-0.00866402
-0.0121311
-0.0156517
-0.0191807
-0.0225673
-0.0256164
-0.0280158
-0.0297011
-0.0308574
-0.0317431
-0.0326269
-0.0337063
-0.0352481
-0.0363844
-0.0368488
-0.0367017
9.702e-05
-0.00104739
-0.00295321
-0.00546484
-0.00865474
-0.0120882
-0.0156025
-0.0191645
-0.0226131
-0.0257045
-0.028106
-0.029771
-0.0309332
-0.0317993
-0.032685
-0.0338665
-0.0353955
-0.0365614
-0.036988
-0.0367301
0.000210092
-0.00106346
-0.00291924
-0.0054235
-0.008639
-0.0120321
-0.0155571
-0.0191531
-0.0226723
-0.0257914
-0.0282025
-0.0298522
-0.0310431
-0.0318734
-0.0327452
-0.0339831
-0.0355052
-0.0367754
-0.0372689
-0.0368095
0.000340612
-0.0010457
-0.00285981
-0.00537584
-0.00860292
-0.011957
-0.0155123
-0.0191431
-0.0227362
-0.0258628
-0.0283001
-0.0299475
-0.0311683
-0.0319309
-0.0327604
-0.0339953
-0.0355261
-0.0370203
-0.0377842
-0.037036
0.000353024
-0.000979864
-0.00276588
-0.00531804
-0.00852957
-0.0118677
-0.0154584
-0.0191385
-0.0227872
-0.0259174
-0.0283938
-0.030084
-0.031228
-0.0319275
-0.0327097
-0.0338842
-0.035415
-0.0372268
-0.0384171
-0.0377533
0.000190658
-0.000875002
-0.00263937
-0.00525691
-0.00841152
-0.0117759
-0.0153935
-0.0191461
-0.0228169
-0.0259713
-0.0284888
-0.0301961
-0.0311846
-0.031829
-0.0325913
-0.0336857
-0.0351928
-0.0373711
-0.038963
-0.0390566
-6.52808e-06
-0.00075742
-0.00250639
-0.00519081
-0.00826399
-0.0116846
-0.0153339
-0.0191714
-0.0228386
-0.0260349
-0.0285621
-0.0301895
-0.0310328
-0.0316369
-0.0324168
-0.0334941
-0.0350306
-0.0376482
-0.0398844
-0.0409898
-5.58703e-05
-0.000640651
-0.00240199
-0.00510521
-0.00811511
-0.011589
-0.0152987
-0.0192108
-0.0228765
-0.0260964
-0.0285589
-0.0300244
-0.0307859
-0.0313827
-0.0322198
-0.0334315
-0.0352711
-0.0384064
-0.0413359
-0.0431539
0.00011265
-0.000520891
-0.00233794
-0.00498645
-0.00798329
-0.01149
-0.0152978
-0.0192558
-0.0229331
-0.0261153
-0.0284205
-0.0297313
-0.0304715
-0.0311091
-0.0320468
-0.0335713
-0.0360827
-0.039773
-0.0432564
-0.0454407
0.000422922
-0.000411427
-0.00229135
-0.00484057
-0.00786693
-0.0114027
-0.015321
-0.0192954
-0.022973
-0.0260316
-0.0281362
-0.0293448
-0.0301048
-0.0308416
-0.031936
-0.0338793
-0.0373316
-0.0416567
-0.0455241
-0.047821
0.000705144
-0.000310683
-0.00221942
-0.00467784
-0.00775286
-0.0113351
-0.0153345
-0.0193048
-0.0229372
-0.0258037
-0.0277167
-0.0288793
-0.0296912
-0.0305856
-0.0319364
-0.0343578
-0.038887
-0.0438798
-0.0479736
-0.0501707
0.000821456
-0.000215528
-0.0020854
-0.00451318
-0.00763052
-0.0112753
-0.0152955
-0.019242
-0.02276
-0.0254197
-0.0271975
-0.0283607
-0.0292629
-0.0303589
-0.0321246
-0.0353336
-0.0407856
-0.046273
-0.0504003
-0.0523226
0.000787685
-9.94496e-05
-0.00188145
-0.00434546
-0.0074958
-0.0111975
-0.0151745
-0.0190618
-0.0224135
-0.0249174
-0.0266466
-0.0278481
-0.0288897
-0.0302345
-0.0325676
-0.0371117
-0.0431292
-0.0487317
-0.05265
-0.0541662
0.000826372
7.50141e-05
-0.00163394
-0.00415661
-0.00734242
-0.0110647
-0.0149658
-0.0187454
-0.021957
-0.0243919
-0.0261428
-0.0274196
-0.0286491
-0.0303497
-0.0334145
-0.0392699
-0.0457061
-0.0511467
-0.0546453
-0.0556693
0.00111632
0.000326187
-0.00137607
-0.00392445
-0.00714932
-0.0108364
-0.0146779
-0.0183474
-0.0214826
-0.0239323
-0.0257388
-0.0271395
-0.0285995
-0.0308176
-0.0352295
-0.0417673
-0.0482635
-0.053332
-0.0562962
-0.0568117
0.00150803
0.000620623
-0.00111173
-0.00365804
-0.00688812
-0.0105177
-0.014314
-0.0179225
-0.021028
-0.0235296
-0.0254283
-0.0270184
-0.0288159
-0.0317181
-0.0376024
-0.0444431
-0.0506172
-0.0551259
-0.05752
-0.0575782
0.00175363
0.000916522
-0.00082495
-0.00337132
-0.00655432
-0.0101397
-0.013877
-0.0174414
-0.0205429
-0.0230996
-0.0251601
-0.0270361
-0.0293944
-0.0336005
-0.0402368
-0.0470351
-0.0526533
-0.0564928
-0.0583363
-0.0580233
0.00190738
0.00121225
-0.000519888
-0.00305933
-0.00618281
-0.0097218
-0.0133768
-0.0168583
-0.0199494
-0.0225784
-0.0249036
-0.0272447
-0.0303799
-0.0361516
-0.0430715
-0.0494614
-0.0543747
-0.0575285
-0.0588848
-0.0582949
0.00219095
0.00151899
-0.000221163
-0.00273562
-0.0058198
-0.00927934
-0.0128263
-0.0161855
-0.0192332
-0.021969
-0.0246663
-0.027754
-0.0320905
-0.0389055
-0.0458534
-0.0516523
-0.0558224
-0.0583573
-0.059322
-0.0585474
0.00262904
0.00183752
6.45201e-05
-0.00244546
-0.00549634
-0.00885432
-0.0122566
-0.0154895
-0.0184741
-0.0213467
-0.024489
-0.0285414
-0.0345423
-0.041714
-0.0483097
-0.0534353
-0.0569422
-0.0590071
-0.0597187
-0.0588633
0.00307204
0.00218451
0.000358301
-0.00219847
-0.00522714
-0.00849687
-0.011758
-0.0148886
-0.0178478
-0.0208862
-0.0245352
-0.029606
-0.0368274
-0.0440379
-0.050051
-0.0545094
-0.057535
-0.0593686
-0.0600445
-0.0592623
0.00347998
0.00259007
0.000687225
-0.00194701
-0.00501131
-0.00825654
-0.0114744
-0.0145811
-0.0176261
-0.0209134
-0.0251539
-0.0313625
-0.0386332
-0.0452837
-0.0505537
-0.0544525
-0.057266
-0.0591885
-0.0601286
-0.0596512
0.00394945
0.0030513
0.00106096
-0.0016658
-0.00484393
-0.00818876
-0.0115388
-0.0148147
-0.0181333
-0.021852
-0.0267639
-0.0331368
-0.0395275
-0.0450275
-0.0493968
-0.0528615
-0.0557211
-0.0580393
-0.0595531
-0.0596671
0.0044641
0.00353013
0.00145608
-0.0013913
-0.00475296
-0.00834971
-0.0120469
-0.0157868
-0.0196603
-0.0239671
-0.0291176
-0.0344746
-0.0392217
-0.0431339
-0.0464279
-0.0494505
-0.0524201
-0.0552424
-0.0574901
-0.0584314
0.00490742
0.00397526
0.00182381
-0.00119124
-0.00480763
-0.00880203
-0.0130738
-0.017596
-0.0223311
-0.0272017
-0.0317628
-0.0353935
-0.037988
-0.0399546
-0.0418826
-0.0441749
-0.0469358
-0.0499629
-0.0527622
-0.0545761
0.00527606
0.00434647
0.00210506
-0.0011264
-0.0050764
-0.00960015
-0.0146457
-0.0201918
-0.0259383
-0.0311353
-0.0348225
-0.036581
-0.0368818
-0.0366403
-0.0367663
-0.0377338
-0.0395287
-0.0419054
-0.0445507
-0.0470657
0.00561174
0.00462844
0.00225244
-0.00123233
-0.00559189
-0.0107348
-0.0166269
-0.0231299
-0.0297022
-0.0352704
-0.0385637
-0.0390384
-0.0375521
-0.0353863
-0.0335403
-0.0325818
-0.0325647
-0.0332023
-0.034183
-0.0354453
0.0058683
0.00480978
0.00226045
-0.00151134
-0.00631756
-0.0120588
-0.0185969
-0.0256104
-0.0325388
-0.0384918
-0.0420841
-0.0423733
-0.0402696
-0.0370737
-0.0338712
-0.0312268
-0.0292873
-0.0280588
-0.0276789
-0.0285483
0.00600265
0.00488546
0.00216307
-0.0019034
-0.0071138
-0.0132839
-0.0201294
-0.0271873
-0.0339063
-0.0396849
-0.0438674
-0.0457922
-0.0448136
-0.0421413
-0.0391705
-0.0360063
-0.032705
-0.0300083
-0.0286173
-0.0289806
0.00596983
0.00486442
0.00201405
-0.00229842
-0.00777305
-0.0141449
-0.02104
-0.0279671
-0.0344219
-0.0399342
-0.0441092
-0.0467141
-0.0478176
-0.0480085
-0.0476478
-0.0458939
-0.0422491
-0.0389336
-0.0372925
-0.037342
0.00579734
0.00478568
0.00186168
-0.0025937
-0.00815392
-0.0145569
-0.021415
-0.0283163
-0.0348333
-0.040562
-0.04524
-0.0487801
-0.0512244
-0.0525567
-0.0527885
-0.0519756
-0.0506126
-0.0496002
-0.0494486
-0.0497177
0.00581464
0.00472697
0.00172655
-0.00274952
-0.00828644
-0.0146466
-0.0215141
-0.0285804
-0.0355215
-0.0419493
-0.0475889
-0.0522739
-0.0559217
-0.0584572
-0.0599997
-0.0607029
-0.060782
-0.060382
-0.0595662
-0.05808
0.00597428
0.00470863
0.00164616
-0.0028061
-0.00832157
-0.0146697
-0.021613
-0.0289325
-0.036404
-0.0437256
-0.0506191
-0.0568562
-0.0621636
-0.0664823
-0.0699882
-0.0727364
-0.0744324
-0.0744403
-0.071989
-0.0665227
-0.0347577
-0.0330156
-0.0312103
-0.0297864
-0.028861
-0.0283534
-0.0280987
-0.0279581
-0.0278625
-0.0277916
-0.0277843
-0.0278815
-0.0280953
-0.0283993
-0.0287634
-0.0291384
-0.0294921
-0.0298092
-0.0300929
-0.0303583
-0.030611
-0.0308894
-0.0312257
-0.0316596
-0.0321625
-0.0326737
-0.0330887
-0.033303
-0.0332328
-0.0328544
-0.0322549
-0.031534
-0.030799
-0.0300938
-0.0294341
-0.0287975
-0.0282203
-0.0277226
-0.0272517
-0.0268231
-0.0264141
-0.0260213
-0.0256502
-0.0253064
-0.0249691
-0.0246181
-0.0242786
-0.0238941
-0.0234913
-0.0231075
-0.0227092
-0.0223326
-0.0219576
-0.0215649
-0.0211647
-0.0207426
-0.020318
-0.0198842
-0.0194655
-0.0190552
-0.0186111
-0.0181892
-0.0177297
-0.0172491
-0.016844
-0.0163618
-0.015867
-0.0154582
-0.0149685
-0.0144695
-0.0139765
-0.0134484
-0.0130268
-0.0125257
-0.0119088
-0.0114414
-0.0109589
-0.0103508
-0.00981942
-0.00929729
-0.00869302
-0.00810851
-0.00755086
-0.00695827
-0.00633345
-0.00570103
-0.00509732
-0.004469
-0.00380022
-0.0031336
-0.00248682
-0.00180405
-0.00111505
-0.000423981
0.000256079
0.000952143
0.00160888
0.00225837
0.00280566
0.00329614
-0.0349308
-0.0332199
-0.0313817
-0.0299245
-0.0289686
-0.028433
-0.0281566
-0.028001
-0.0278967
-0.0278237
-0.0278174
-0.0279152
-0.0281297
-0.0284339
-0.0287978
-0.0291718
-0.0295249
-0.029841
-0.0301225
-0.0303853
-0.0306342
-0.0309078
-0.0312368
-0.0316604
-0.0321502
-0.0326461
-0.033047
-0.0332542
-0.033186
-0.0328168
-0.0322289
-0.0315169
-0.0307876
-0.0300857
-0.0294284
-0.0287933
-0.0282169
-0.0277199
-0.0272489
-0.0268206
-0.0264121
-0.02602
-0.0256493
-0.0253052
-0.024967
-0.0246156
-0.0242764
-0.0238916
-0.0234892
-0.0231063
-0.022708
-0.0223312
-0.0219558
-0.0215631
-0.0211633
-0.0207412
-0.0203168
-0.0198833
-0.0194645
-0.0190541
-0.0186101
-0.0181885
-0.0177288
-0.0172481
-0.0168436
-0.0163612
-0.015866
-0.0154576
-0.0149681
-0.014469
-0.013976
-0.0134477
-0.0130265
-0.0125254
-0.0119081
-0.0114411
-0.0109587
-0.0103503
-0.00981912
-0.00929715
-0.00869275
-0.00810825
-0.00755069
-0.00695812
-0.00633329
-0.00570084
-0.00509721
-0.00446892
-0.0038001
-0.00313347
-0.00248675
-0.00180397
-0.00111497
-0.000423891
0.000256132
0.000952278
0.00160894
0.00225863
0.00280617
0.00329635
-0.0351778
-0.0334927
-0.0316166
-0.0301136
-0.0291111
-0.0285282
-0.0282132
-0.0280317
-0.0279136
-0.0278394
-0.0278393
-0.0279435
-0.0281637
-0.0284726
-0.0288387
-0.0292137
-0.0295676
-0.0298844
-0.0301646
-0.0304233
-0.0306666
-0.0309327
-0.0312502
-0.0316549
-0.0321198
-0.0325872
-0.032962
-0.0331542
-0.0330877
-0.0327352
-0.0321697
-0.0314775
-0.0307619
-0.0300687
-0.0294166
-0.0287854
-0.0282117
-0.0277157
-0.0272453
-0.0268175
-0.0264101
-0.0260192
-0.0256494
-0.0253054
-0.0249665
-0.0246136
-0.0242733
-0.0238881
-0.0234857
-0.023104
-0.0227069
-0.02233
-0.0219538
-0.0215605
-0.0211606
-0.0207387
-0.0203148
-0.0198816
-0.0194631
-0.0190527
-0.0186082
-0.0181867
-0.0177273
-0.0172465
-0.0168425
-0.0163603
-0.0158648
-0.0154563
-0.0149666
-0.0144681
-0.0139755
-0.0134465
-0.0130256
-0.0125248
-0.0119072
-0.0114404
-0.0109582
-0.0103496
-0.00981853
-0.00929666
-0.0086922
-0.00810779
-0.00755028
-0.00695772
-0.00633294
-0.00570048
-0.00509693
-0.00446866
-0.00379983
-0.00313321
-0.00248658
-0.00180374
-0.00111476
-0.000423644
0.000256353
0.000952656
0.00160937
0.0022593
0.00280829
0.00329805
-0.035434
-0.0337719
-0.0318761
-0.0303322
-0.0292759
-0.02863
-0.0282587
-0.0280389
-0.0279014
-0.0278261
-0.0278374
-0.027955
-0.0281874
-0.0285066
-0.0288783
-0.0292563
-0.0296121
-0.0299307
-0.0302086
-0.030462
-0.0306987
-0.0309562
-0.0312582
-0.031637
-0.0320682
-0.0324975
-0.0328401
-0.0330125
-0.0329499
-0.0326211
-0.0320869
-0.0314234
-0.0307268
-0.0300458
-0.0293999
-0.0287754
-0.0282059
-0.0277107
-0.0272414
-0.0268135
-0.026407
-0.0260174
-0.0256485
-0.0253056
-0.0249676
-0.0246121
-0.0242684
-0.0238836
-0.0234805
-0.0230995
-0.0227047
-0.0223278
-0.0219523
-0.0215574
-0.0211555
-0.0207349
-0.0203113
-0.0198784
-0.0194614
-0.0190507
-0.0186048
-0.0181838
-0.0177257
-0.017244
-0.0168393
-0.0163594
-0.0158645
-0.0154537
-0.0149633
-0.0144667
-0.0139751
-0.0134451
-0.0130232
-0.0125233
-0.0119065
-0.0114389
-0.0109565
-0.0103486
-0.00981745
-0.00929522
-0.00869119
-0.00810702
-0.00754926
-0.00695668
-0.00633218
-0.00569976
-0.00509622
-0.00446792
-0.00379921
-0.00313265
-0.00248608
-0.00180314
-0.00111424
-0.000423084
0.000256988
0.000953417
0.00161058
0.00226053
0.00281288
0.00330245
-0.0356555
-0.0340365
-0.0321576
-0.0305902
-0.029477
-0.0287531
-0.028305
-0.0280303
-0.0278655
-0.0277889
-0.0278166
-0.0279552
-0.0282068
-0.028542
-0.0289228
-0.0293043
-0.029662
-0.0299811
-0.0302551
-0.0305013
-0.0307305
-0.0309769
-0.0312588
-0.0316072
-0.031999
-0.0323859
-0.0326933
-0.032845
-0.0327893
-0.0324897
-0.0319944
-0.0313656
-0.0306918
-0.0300244
-0.0293841
-0.028767
-0.0282019
-0.0277078
-0.0272396
-0.0268099
-0.0264033
-0.0260157
-0.0256498
-0.0253069
-0.0249686
-0.0246102
-0.0242621
-0.0238781
-0.0234746
-0.0230948
-0.0227023
-0.0223246
-0.0219497
-0.0215531
-0.0211489
-0.0207299
-0.0203072
-0.0198749
-0.0194589
-0.0190477
-0.0185999
-0.0181795
-0.0177244
-0.0172405
-0.0168337
-0.0163585
-0.0158648
-0.0154495
-0.0149584
-0.0144643
-0.0139749
-0.0134436
-0.0130186
-0.0125206
-0.0119063
-0.0114363
-0.0109533
-0.0103475
-0.00981574
-0.00929241
-0.00868961
-0.00810585
-0.00754738
-0.00695473
-0.00633086
-0.00569858
-0.00509489
-0.00446646
-0.00379809
-0.00313166
-0.00248503
-0.00180204
-0.00111322
-0.00042209
0.000258266
0.000954666
0.00161287
0.00226252
0.00282024
0.00331028
-0.0358275
-0.0342826
-0.0324685
-0.0309028
-0.0297317
-0.0289144
-0.0283679
-0.0280183
-0.027816
-0.0277381
-0.0277871
-0.0279537
-0.028231
-0.028587
-0.0289793
-0.0293644
-0.0297217
-0.0300391
-0.0303073
-0.0305445
-0.0307636
-0.0309948
-0.0312539
-0.0315692
-0.0319195
-0.032263
-0.0325342
-0.0326656
-0.0326172
-0.03235
-0.031898
-0.0313093
-0.0306623
-0.030009
-0.0293728
-0.0287607
-0.0281995
-0.0277071
-0.0272399
-0.0268068
-0.0263987
-0.0260138
-0.025653
-0.0253107
-0.0249693
-0.0246069
-0.0242542
-0.0238707
-0.0234678
-0.0230904
-0.0227014
-0.0223218
-0.0219455
-0.0215476
-0.0211414
-0.020723
-0.0203022
-0.0198717
-0.0194563
-0.0190443
-0.0185941
-0.0181735
-0.0177225
-0.017237
-0.016827
-0.0163575
-0.0158651
-0.0154439
-0.0149521
-0.0144613
-0.0139748
-0.013442
-0.0130121
-0.012517
-0.0119068
-0.0114327
-0.0109486
-0.0103464
-0.0098135
-0.00928837
-0.00868753
-0.00810432
-0.0075447
-0.00695197
-0.006329
-0.00569693
-0.00509293
-0.00446431
-0.00379645
-0.00313025
-0.00248343
-0.00180042
-0.00111166
-0.000420659
0.000260235
0.000956422
0.00161628
0.00226542
0.00283006
0.00332123
-0.0359251
-0.0345068
-0.0328087
-0.0312731
-0.0300445
-0.029119
-0.0284535
-0.0280094
-0.0277589
-0.0276789
-0.0277532
-0.0279536
-0.0282632
-0.0286438
-0.0290493
-0.0294384
-0.029793
-0.0301062
-0.0303665
-0.0305921
-0.0307969
-0.0310096
-0.0312446
-0.0315257
-0.0318349
-0.0321352
-0.0323728
-0.032484
-0.0324418
-0.0322065
-0.0317977
-0.0312534
-0.0306364
-0.0299999
-0.0293671
-0.0287571
-0.0281987
-0.0277063
-0.02724
-0.0268034
-0.0263944
-0.0260117
-0.0256555
-0.0253153
-0.0249708
-0.0246035
-0.024245
-0.0238615
-0.0234589
-0.0230846
-0.0227018
-0.02232
-0.0219406
-0.0215413
-0.0211332
-0.0207151
-0.0202958
-0.0198678
-0.0194536
-0.0190408
-0.0185886
-0.0181668
-0.0177191
-0.017233
-0.0168202
-0.0163566
-0.0158653
-0.0154372
-0.0149449
-0.014458
-0.0139749
-0.0134403
-0.0130045
-0.0125127
-0.0119076
-0.0114285
-0.010943
-0.0103453
-0.00981088
-0.00928351
-0.00868515
-0.00810257
-0.00754146
-0.00694869
-0.00632678
-0.00569496
-0.00509054
-0.00446171
-0.00379444
-0.00312854
-0.0024814
-0.00179843
-0.00110968
-0.000418892
0.000262772
0.00095863
0.0016206
0.00226932
0.00284161
0.00333429
-0.0359318
-0.034708
-0.0331711
-0.0316902
-0.0304033
-0.0293545
-0.0285525
-0.0279985
-0.0276908
-0.0276072
-0.0277098
-0.0279505
-0.0282996
-0.0287098
-0.0291305
-0.0295242
-0.0298752
-0.0301808
-0.0304295
-0.0306394
-0.0308257
-0.031018
-0.0312271
-0.0314738
-0.0317434
-0.032004
-0.032213
-0.0323064
-0.0322693
-0.0320619
-0.0316928
-0.0311921
-0.030607
-0.0299909
-0.0293645
-0.0287572
-0.0281992
-0.0277031
-0.0272365
-0.0267984
-0.0263906
-0.0260106
-0.025657
-0.0253171
-0.0249712
-0.0246004
-0.0242354
-0.0238523
-0.0234494
-0.0230765
-0.0227006
-0.0223184
-0.0219364
-0.0215345
-0.0211238
-0.0207076
-0.0202895
-0.0198626
-0.0194495
-0.0190366
-0.0185832
-0.0181603
-0.0177155
-0.0172282
-0.0168125
-0.0163555
-0.0158657
-0.0154299
-0.0149373
-0.0144543
-0.0139743
-0.0134386
-0.0129967
-0.0125078
-0.0119084
-0.0114238
-0.0109368
-0.0103442
-0.00980807
-0.00927803
-0.00868254
-0.00810072
-0.00753786
-0.00694508
-0.00632433
-0.00569277
-0.00508789
-0.00445884
-0.00379216
-0.00312666
-0.00247909
-0.00179621
-0.00110738
-0.000416897
0.000265741
0.000961221
0.0016256
0.00227423
0.00285414
0.00334853
-0.0359858
-0.0349124
-0.0335604
-0.032145
-0.0307893
-0.0295978
-0.028644
-0.0279715
-0.0276039
-0.0275172
-0.0276526
-0.0279423
-0.0283386
-0.0287841
-0.0292222
-0.02962
-0.0299664
-0.0302599
-0.0304918
-0.0306818
-0.0308474
-0.0310168
-0.0311975
-0.0314089
-0.0316416
-0.0318675
-0.0320525
-0.032133
-0.0321006
-0.0319182
-0.0315839
-0.0311215
-0.0305682
-0.0299747
-0.0293589
-0.0287578
-0.0281991
-0.0276966
-0.0272283
-0.0267894
-0.0263845
-0.0260089
-0.0256589
-0.0253169
-0.0249679
-0.0245952
-0.024224
-0.0238428
-0.023442
-0.0230683
-0.0226964
-0.022314
-0.0219314
-0.0215277
-0.0211133
-0.0206995
-0.0202846
-0.0198576
-0.0194437
-0.019031
-0.0185765
-0.0181526
-0.0177127
-0.0172243
-0.016803
-0.0163531
-0.0158662
-0.0154223
-0.0149293
-0.0144504
-0.0139732
-0.0134365
-0.0129883
-0.0125023
-0.0119094
-0.0114189
-0.0109296
-0.0103431
-0.00980524
-0.00927189
-0.00867954
-0.00809875
-0.00753394
-0.00694111
-0.00632158
-0.00569035
-0.00508498
-0.00445572
-0.00378958
-0.0031246
-0.00247651
-0.00179378
-0.00110476
-0.000414703
0.000269114
0.000964191
0.00163116
0.00228013
0.00286715
0.00336355
-0.0361264
-0.0351834
-0.0340125
-0.0326387
-0.0311841
-0.0298256
-0.028708
-0.027918
-0.0274963
-0.0274121
-0.0275878
-0.0279356
-0.0283862
-0.0288711
-0.0293278
-0.029729
-0.0300682
-0.0303463
-0.0305566
-0.0307237
-0.0308665
-0.0310089
-0.0311589
-0.0313334
-0.0315311
-0.0317246
-0.0318882
-0.0319603
-0.0319344
-0.0317769
-0.031474
-0.0310461
-0.0305225
-0.0299499
-0.0293455
-0.0287527
-0.0281962
-0.027689
-0.0272185
-0.0267763
-0.0263736
-0.0260035
-0.02566
-0.0253189
-0.0249645
-0.0245873
-0.024209
-0.0238302
-0.0234351
-0.0230626
-0.0226934
-0.0223076
-0.0219228
-0.0215202
-0.0211027
-0.0206889
-0.0202785
-0.0198543
-0.0194394
-0.0190253
-0.0185682
-0.0181421
-0.0177092
-0.017222
-0.0167933
-0.0163495
-0.015867
-0.0154143
-0.0149199
-0.0144459
-0.013973
-0.013435
-0.0129781
-0.0124954
-0.0119115
-0.011414
-0.0109212
-0.0103418
-0.00980258
-0.00926522
-0.00867617
-0.00809667
-0.0075297
-0.00693681
-0.00631856
-0.00568773
-0.00508184
-0.00445236
-0.0037867
-0.0031224
-0.00247365
-0.00179117
-0.00110181
-0.000412333
0.000272884
0.000967543
0.00163724
0.00228698
0.00288039
0.00337934
-0.0363513
-0.0356208
-0.0345791
-0.0331637
-0.031554
-0.0300042
-0.0287212
-0.0278269
-0.0273661
-0.0272964
-0.0275226
-0.0279369
-0.0284473
-0.0289736
-0.0294514
-0.0298569
-0.0301856
-0.030445
-0.0306309
-0.030772
-0.0308869
-0.0309984
-0.0311172
-0.0312543
-0.0314167
-0.0315782
-0.0317216
-0.0317879
-0.0317702
-0.0316372
-0.0313638
-0.0309704
-0.0304744
-0.0299201
-0.0293258
-0.0287405
-0.02819
-0.0276816
-0.027209
-0.0267625
-0.0263597
-0.0259944
-0.0256579
-0.0253214
-0.0249645
-0.0245807
-0.0241923
-0.0238144
-0.0234251
-0.0230562
-0.0226936
-0.0223043
-0.0219127
-0.0215102
-0.0210928
-0.0206775
-0.0202682
-0.0198495
-0.0194371
-0.0190212
-0.0185607
-0.018131
-0.0177035
-0.0172187
-0.0167836
-0.0163458
-0.0158685
-0.0154064
-0.0149091
-0.0144399
-0.0139731
-0.0134351
-0.0129672
-0.0124869
-0.0119139
-0.0114095
-0.0109119
-0.0103402
-0.00979988
-0.00925806
-0.00867261
-0.00809455
-0.00752513
-0.00693222
-0.00631534
-0.00568497
-0.0050785
-0.00444879
-0.00378357
-0.00312012
-0.00247056
-0.00178841
-0.00109857
-0.000409811
0.000277009
0.000971285
0.00164381
0.00229471
0.00289377
0.00339586
-0.0371439
-0.0364175
-0.0352924
-0.033682
-0.0318398
-0.0300803
-0.0286468
-0.0276744
-0.0271985
-0.0271617
-0.0274522
-0.0279431
-0.0285189
-0.0290897
-0.0295924
-0.030005
-0.0303209
-0.0305563
-0.030716
-0.0308261
-0.0309071
-0.0309859
-0.0310742
-0.0311751
-0.0313015
-0.0314324
-0.0315558
-0.0316171
-0.0316065
-0.0314947
-0.0312507
-0.0308917
-0.0304241
-0.0298886
-0.0293051
-0.0287261
-0.0281808
-0.0276718
-0.0271981
-0.0267499
-0.0263472
-0.0259842
-0.0256526
-0.0253193
-0.0249631
-0.0245777
-0.0241788
-0.0237983
-0.0234129
-0.0230454
-0.022691
-0.0223043
-0.021906
-0.0214989
-0.0210808
-0.0206667
-0.020258
-0.0198414
-0.0194307
-0.0190165
-0.0185556
-0.018121
-0.0176966
-0.0172139
-0.0167729
-0.0163418
-0.0158692
-0.0153979
-0.0148989
-0.0144331
-0.013971
-0.013435
-0.0129571
-0.0124777
-0.0119156
-0.0114044
-0.010902
-0.0103386
-0.00979676
-0.00924989
-0.00866869
-0.00809239
-0.00752011
-0.00692719
-0.00631176
-0.00568195
-0.00507484
-0.00444491
-0.00378005
-0.00311764
-0.00246714
-0.00178537
-0.00109496
-0.000406996
0.000281557
0.000975563
0.00165092
0.00230334
0.0029074
0.00341327
-0.0385526
-0.0376607
-0.0361485
-0.0341377
-0.0319757
-0.0299953
-0.0284384
-0.0274235
-0.0269647
-0.0269858
-0.0273606
-0.027942
-0.0285911
-0.029211
-0.0297422
-0.0301649
-0.0304677
-0.0306755
-0.0308067
-0.0308823
-0.030927
-0.0309721
-0.0310291
-0.0310938
-0.0311852
-0.0312878
-0.0313907
-0.0314469
-0.0314405
-0.0313473
-0.0311332
-0.0308061
-0.0303682
-0.0298538
-0.029284
-0.0287135
-0.0281697
-0.0276586
-0.0271853
-0.0267387
-0.0263384
-0.0259766
-0.0256465
-0.0253129
-0.024956
-0.0245735
-0.0241681
-0.0237836
-0.0234022
-0.0230344
-0.0226836
-0.0223017
-0.0219019
-0.0214895
-0.0210665
-0.020654
-0.0202522
-0.0198365
-0.0194189
-0.0190063
-0.0185511
-0.0181117
-0.0176889
-0.0172095
-0.0167627
-0.0163377
-0.0158687
-0.015387
-0.0148891
-0.0144281
-0.0139677
-0.0134327
-0.0129462
-0.0124688
-0.0119177
-0.0113981
-0.0108909
-0.0103376
-0.00979385
-0.00924074
-0.00866418
-0.00809018
-0.00751477
-0.00692179
-0.00630781
-0.0056787
-0.00507092
-0.00444077
-0.00377617
-0.00311498
-0.00246343
-0.00178203
-0.00109103
-0.000403836
0.000286465
0.000980437
0.00165854
0.00231279
0.00292133
0.00343139
-0.040745
-0.0393166
-0.0370801
-0.0344835
-0.0319202
-0.0297096
-0.0280581
-0.0270416
-0.026639
-0.0267504
-0.027233
-0.0279191
-0.0286501
-0.0293235
-0.0298848
-0.0303189
-0.0306123
-0.0307947
-0.0308952
-0.0309367
-0.0309471
-0.0309557
-0.0309779
-0.031006
-0.0310649
-0.0311412
-0.0312218
-0.0312738
-0.0312708
-0.0311956
-0.0310104
-0.0307104
-0.0303007
-0.0298068
-0.0292548
-0.028697
-0.0281552
-0.0276428
-0.0271707
-0.0267274
-0.0263314
-0.0259718
-0.0256415
-0.0253047
-0.0249444
-0.024562
-0.0241533
-0.023768
-0.0233915
-0.0230256
-0.0226769
-0.0222956
-0.0218941
-0.0214802
-0.0210521
-0.020637
-0.0202447
-0.0198372
-0.0194105
-0.0189925
-0.0185429
-0.0181004
-0.0176792
-0.0172044
-0.0167523
-0.0163337
-0.0158692
-0.0153751
-0.0148764
-0.0144224
-0.0139662
-0.0134311
-0.0129325
-0.012458
-0.0119213
-0.0113921
-0.0108775
-0.010336
-0.0097914
-0.00923125
-0.00865908
-0.00808762
-0.00750899
-0.00691607
-0.00630344
-0.00567515
-0.00506668
-0.00443634
-0.00377192
-0.00311213
-0.00245945
-0.00177835
-0.00108683
-0.000400262
0.000291681
0.000985968
0.00166663
0.00232303
0.00293563
0.00345018
-0.0429286
-0.0410417
-0.0379995
-0.0347081
-0.0316837
-0.0292338
-0.0275096
-0.0265321
-0.0262292
-0.0264668
-0.0270775
-0.0278762
-0.028693
-0.0294225
-0.0300148
-0.0304592
-0.0307488
-0.0309109
-0.0309807
-0.0309892
-0.0309674
-0.0309376
-0.030923
-0.0309166
-0.0309436
-0.0309941
-0.0310507
-0.031099
-0.031101
-0.0310423
-0.0308826
-0.0306063
-0.0302228
-0.0297466
-0.0292145
-0.0286704
-0.0281322
-0.0276225
-0.0271514
-0.0267142
-0.0263244
-0.0259701
-0.025642
-0.0252991
-0.0249316
-0.0245437
-0.0241316
-0.0237503
-0.0233801
-0.0230156
-0.0226694
-0.0222898
-0.0218835
-0.0214674
-0.02104
-0.0206194
-0.0202284
-0.0198344
-0.019409
-0.0189835
-0.0185322
-0.0180859
-0.017669
-0.0171993
-0.0167388
-0.0163262
-0.0158705
-0.0153661
-0.0148629
-0.0144124
-0.0139642
-0.013433
-0.0129184
-0.0124435
-0.011925
-0.0113878
-0.0108633
-0.0103329
-0.00978833
-0.00922149
-0.00865394
-0.0080849
-0.00750263
-0.00690995
-0.00629869
-0.00567133
-0.00506206
-0.00443151
-0.00376722
-0.00310902
-0.00245518
-0.00177421
-0.00108236
-0.000396185
0.000297238
0.000992238
0.00167528
0.00233406
0.00295047
0.00346974
-0.0451495
-0.0427034
-0.0388376
-0.0348244
-0.0313194
-0.0286254
-0.0268442
-0.0259391
-0.025775
-0.0261699
-0.0269209
-0.0278325
-0.028734
-0.0295208
-0.0301434
-0.0305938
-0.0308795
-0.0310237
-0.0310638
-0.0310394
-0.0309862
-0.0309217
-0.0308732
-0.0308364
-0.0308288
-0.0308508
-0.0308847
-0.0309269
-0.0309341
-0.0308882
-0.0307512
-0.0304993
-0.0301412
-0.0296826
-0.0291687
-0.0286347
-0.0280988
-0.0275941
-0.027125
-0.0266949
-0.0263138
-0.0259688
-0.0256483
-0.0253008
-0.0249209
-0.0245218
-0.0241061
-0.0237309
-0.0233713
-0.023007
-0.0226561
-0.0222808
-0.0218725
-0.021452
-0.0210304
-0.0206053
-0.0202079
-0.019823
-0.0194034
-0.0189781
-0.0185253
-0.0180698
-0.0176581
-0.0171977
-0.0167262
-0.0163138
-0.0158672
-0.0153574
-0.014852
-0.0144013
-0.0139585
-0.0134353
-0.0129061
-0.0124277
-0.011927
-0.0113834
-0.0108494
-0.01033
-0.00978433
-0.00921036
-0.00864833
-0.00808223
-0.00749586
-0.00690332
-0.00629348
-0.00566735
-0.00505728
-0.0044263
-0.00376211
-0.00310563
-0.00245068
-0.0017696
-0.00107762
-0.000391557
0.000303166
0.000999278
0.00168451
0.00234589
0.00296592
0.00348982
-0.0473475
-0.0442264
-0.0395536
-0.0348518
-0.030886
-0.0279556
-0.0261305
-0.0253183
-0.0253178
-0.0258876
-0.0267857
-0.0278095
-0.0287939
-0.0296367
-0.0302845
-0.0307331
-0.0310056
-0.0311281
-0.0311394
-0.0310814
-0.0309978
-0.0309063
-0.0308297
-0.030766
-0.0307231
-0.0307153
-0.0307293
-0.0307601
-0.0307694
-0.0307332
-0.0306178
-0.0303907
-0.0300565
-0.0296169
-0.0291186
-0.0285942
-0.0280593
-0.0275599
-0.027094
-0.0266676
-0.0262943
-0.0259598
-0.0256507
-0.0253043
-0.0249131
-0.0244996
-0.0240781
-0.0237073
-0.0233613
-0.0230042
-0.0226453
-0.0222668
-0.0218553
-0.0214318
-0.0210194
-0.0205931
-0.0201908
-0.0198123
-0.0193881
-0.0189632
-0.0185211
-0.0180548
-0.0176408
-0.0171961
-0.0167206
-0.0163039
-0.0158592
-0.0153432
-0.0148407
-0.0143922
-0.013951
-0.0134341
-0.012893
-0.0124129
-0.0119286
-0.0113766
-0.0108338
-0.0103279
-0.009781
-0.0091981
-0.00864116
-0.00807888
-0.00748884
-0.00689622
-0.0062874
-0.00566279
-0.00505227
-0.00442068
-0.00375657
-0.00310182
-0.00244587
-0.00176433
-0.00107248
-0.000386253
0.000309615
0.00100716
0.00169442
0.00235855
0.00298199
0.00351037
-0.0493363
-0.0455487
-0.0401346
-0.0348182
-0.0304393
-0.0272978
-0.0254413
-0.0247283
-0.0248949
-0.0256414
-0.0266908
-0.0278291
-0.028895
-0.0297863
-0.0304491
-0.0308864
-0.0311337
-0.0312261
-0.0312049
-0.0311112
-0.0309962
-0.0308818
-0.0307801
-0.0306952
-0.0306258
-0.0305943
-0.0305916
-0.030607
-0.0306143
-0.030584
-0.0304886
-0.0302819
-0.0299669
-0.0295458
-0.0290615
-0.028551
-0.0280189
-0.0275267
-0.0270668
-0.0266407
-0.0262741
-0.0259438
-0.0256401
-0.0252966
-0.024902
-0.0244824
-0.0240545
-0.0236814
-0.0233426
-0.0230001
-0.0226455
-0.0222599
-0.0218373
-0.021407
-0.0210017
-0.020578
-0.0201778
-0.0198104
-0.0193744
-0.0189383
-0.0185133
-0.0180439
-0.0176178
-0.0171861
-0.0167173
-0.0163
-0.0158528
-0.0153283
-0.0148291
-0.0143827
-0.0139431
-0.0134324
-0.012878
-0.0123968
-0.0119317
-0.0113703
-0.0108155
-0.0103238
-0.00977841
-0.00918725
-0.00863375
-0.00807434
-0.0074814
-0.00688929
-0.00628096
-0.00565751
-0.0050468
-0.00441449
-0.00375067
-0.00309762
-0.00244079
-0.00175849
-0.00106699
-0.000380398
0.000316595
0.00101579
0.001705
0.00237195
0.00299869
0.00353137
-0.0510203
-0.0466271
-0.0405802
-0.0347487
-0.0300228
-0.0267072
-0.0248323
-0.0242142
-0.0245353
-0.0254484
-0.0266488
-0.0279039
-0.029048
-0.0299768
-0.0306454
-0.0310656
-0.0312807
-0.0313322
-0.0312663
-0.0311292
-0.0309754
-0.030834
-0.0307071
-0.0306077
-0.0305273
-0.0304833
-0.0304697
-0.0304717
-0.0304764
-0.0304479
-0.0303681
-0.0301767
-0.0298756
-0.0294722
-0.0289976
-0.028501
-0.0279737
-0.0274908
-0.0270434
-0.026622
-0.0262653
-0.0259328
-0.0256197
-0.0252712
-0.024877
-0.0244633
-0.0240379
-0.0236596
-0.0233157
-0.022983
-0.0226414
-0.0222592
-0.0218316
-0.0213868
-0.0209763
-0.0205571
-0.0201625
-0.0198082
-0.0193672
-0.0189157
-0.0185005
-0.0180339
-0.0175969
-0.0171701
-0.0167067
-0.016292
-0.0158442
-0.0153152
-0.0148211
-0.0143728
-0.0139333
-0.0134322
-0.0128631
-0.0123766
-0.0119331
-0.011367
-0.010798
-0.0103159
-0.00977251
-0.00917677
-0.00862744
-0.008069
-0.0074726
-0.00688178
-0.00627443
-0.00565193
-0.0050409
-0.00440733
-0.00374417
-0.00309288
-0.00243537
-0.001752
-0.00106106
-0.000374042
0.000324162
0.00102506
0.00171632
0.00238612
0.00301608
0.00355295
-0.0523701
-0.0474516
-0.0409002
-0.0346658
-0.0296689
-0.0262192
-0.0243359
-0.023802
-0.0242572
-0.02532
-0.026661
-0.0280286
-0.0292454
-0.0302074
-0.0308816
-0.0312864
-0.0314669
-0.0314676
-0.0313412
-0.0311476
-0.0309424
-0.0307631
-0.0306085
-0.0304938
-0.0304112
-0.0303636
-0.0303495
-0.0303469
-0.0303511
-0.0303226
-0.0302503
-0.0300736
-0.0297839
-0.0293988
-0.0289312
-0.0284411
-0.0279199
-0.0274448
-0.0270149
-0.0266079
-0.0262672
-0.0259342
-0.0256038
-0.0252401
-0.0248391
-0.02443
-0.0240149
-0.0236407
-0.0232898
-0.0229568
-0.0226195
-0.0222447
-0.0218298
-0.0213752
-0.0209499
-0.0205363
-0.0201461
-0.0197957
-0.0193559
-0.0188983
-0.0184861
-0.0180187
-0.0175806
-0.017162
-0.0166942
-0.0162748
-0.0158278
-0.0152977
-0.0148114
-0.0143622
-0.0139221
-0.013433
-0.0128507
-0.0123541
-0.0119292
-0.0113637
-0.0107843
-0.0103082
-0.00976286
-0.00916327
-0.0086205
-0.00806385
-0.00746342
-0.00687272
-0.00626661
-0.00564614
-0.00503538
-0.00439969
-0.00373716
-0.00308766
-0.00242957
-0.00174481
-0.00105453
-0.000367069
0.000332479
0.00103511
0.00172848
0.00240113
0.00303419
0.00357495
-0.0533971
-0.0480435
-0.0411173
-0.0345959
-0.0294066
-0.0258608
-0.0239725
-0.0235067
-0.0240717
-0.0252596
-0.0267178
-0.0281818
-0.0294663
-0.0304677
-0.0311564
-0.0315509
-0.0316966
-0.0316436
-0.0314508
-0.0311906
-0.0309226
-0.0306916
-0.0305031
-0.0303622
-0.030272
-0.0302254
-0.030221
-0.0302239
-0.0302282
-0.0302006
-0.030126
-0.0299617
-0.0296818
-0.0293147
-0.0288589
-0.028373
-0.0278628
-0.0273932
-0.0269812
-0.0265922
-0.0262691
-0.0259411
-0.0255976
-0.0252197
-0.0248021
-0.02439
-0.0239825
-0.0236186
-0.0232706
-0.0229321
-0.022589
-0.0222108
-0.0218112
-0.0213601
-0.0209237
-0.0205199
-0.0201346
-0.0197806
-0.0193401
-0.0188792
-0.0184702
-0.017998
-0.0175607
-0.0171624
-0.0166915
-0.0162578
-0.0158109
-0.0152809
-0.0147967
-0.0143451
-0.0139065
-0.0134318
-0.0128419
-0.0123346
-0.011921
-0.0113557
-0.0107718
-0.0103036
-0.00975525
-0.00914936
-0.00861074
-0.00805696
-0.0074555
-0.00686403
-0.00625717
-0.00563889
-0.00502967
-0.00439181
-0.00372988
-0.00308219
-0.00242342
-0.0017371
-0.0010474
-0.000359372
0.000341738
0.00104616
0.00174159
0.00241707
0.00305298
0.00359712
-0.0541184
-0.0484315
-0.0412519
-0.0345509
-0.0292413
-0.0256316
-0.0237367
-0.0233182
-0.0239673
-0.0252508
-0.0267989
-0.028339
-0.0296879
-0.0307376
-0.0314507
-0.0318396
-0.0319542
-0.0318559
-0.0316065
-0.0312787
-0.0309401
-0.0306443
-0.0304102
-0.0302316
-0.0301229
-0.0300772
-0.0300839
-0.0300985
-0.0301049
-0.0300822
-0.0300002
-0.0298379
-0.0295596
-0.0292025
-0.0287651
-0.0282881
-0.027801
-0.0273417
-0.0269485
-0.0265779
-0.0262622
-0.0259412
-0.0255881
-0.0252047
-0.0247721
-0.0243548
-0.023956
-0.0235974
-0.0232571
-0.0229129
-0.0225625
-0.022174
-0.0217749
-0.0213331
-0.020892
-0.0204982
-0.0201191
-0.0197643
-0.0193311
-0.01886
-0.0184475
-0.0179763
-0.0175331
-0.0171545
-0.0166939
-0.0162436
-0.0157926
-0.0152721
-0.014791
-0.0143276
-0.013883
-0.0134214
-0.012832
-0.0123196
-0.0119117
-0.0113427
-0.0107551
-0.010295
-0.00974848
-0.0091403
-0.00860116
-0.00804584
-0.00744659
-0.00685683
-0.00624801
-0.00563045
-0.00502265
-0.00438263
-0.00372172
-0.00307618
-0.00241648
-0.00172861
-0.00103956
-0.000351091
0.00035179
0.00105802
0.00175553
0.0024338
0.00307237
0.00361972
-0.0545581
-0.0486453
-0.0413151
-0.0345165
-0.0291431
-0.0254941
-0.0235908
-0.0231989
-0.0239079
-0.0252637
-0.0268836
-0.0284872
-0.0298964
-0.0309976
-0.0317406
-0.0321323
-0.0322271
-0.0320986
-0.0318066
-0.0314175
-0.0310053
-0.0306363
-0.0303451
-0.0301244
-0.0299891
-0.0299365
-0.0299467
-0.0299758
-0.0299905
-0.0299767
-0.0298888
-0.0297141
-0.0294261
-0.0290613
-0.0286381
-0.0281711
-0.0277159
-0.0272816
-0.0269094
-0.0265671
-0.0262497
-0.0259308
-0.0255662
-0.0251732
-0.0247368
-0.0243164
-0.0239319
-0.0235789
-0.0232484
-0.0229044
-0.0225473
-0.0221489
-0.0217363
-0.0213023
-0.020862
-0.0204718
-0.0200926
-0.0197316
-0.0193199
-0.0188465
-0.0184185
-0.0179556
-0.0175072
-0.0171336
-0.0166917
-0.0162289
-0.0157599
-0.0152554
-0.014797
-0.0143236
-0.0138615
-0.0134045
-0.0128178
-0.0123049
-0.0119034
-0.0113329
-0.0107389
-0.0102771
-0.00973324
-0.00913323
-0.00859553
-0.0080333
-0.00743489
-0.00684838
-0.00623909
-0.00562295
-0.00501588
-0.00437233
-0.00371238
-0.00306946
-0.00240865
-0.00171907
-0.0010307
-0.00034213
0.000362535
0.0010704
0.00177007
0.00245108
0.00309233
0.003643
-0.0547851
-0.0487445
-0.0413408
-0.0344978
-0.0290978
-0.0254289
-0.0235159
-0.0231315
-0.0238744
-0.0252832
-0.0269624
-0.0286226
-0.0300817
-0.031228
-0.0320032
-0.0324117
-0.032504
-0.032357
-0.0320321
-0.0315938
-0.0311196
-0.0306819
-0.0303296
-0.0300651
-0.0298963
-0.0298224
-0.0298237
-0.0298651
-0.0298931
-0.0298874
-0.0297996
-0.0296082
-0.0293071
-0.0289201
-0.0284912
-0.0280287
-0.0275955
-0.0271943
-0.0268452
-0.0265433
-0.026235
-0.0259127
-0.025536
-0.025121
-0.0246868
-0.024268
-0.0238949
-0.0235515
-0.0232327
-0.0228983
-0.0225367
-0.0221335
-0.0217069
-0.0212768
-0.0208437
-0.0204569
-0.0200764
-0.0196934
-0.0192918
-0.0188301
-0.0183853
-0.0179313
-0.0174867
-0.0171081
-0.0166855
-0.0162198
-0.0157194
-0.0152169
-0.0147906
-0.0143229
-0.013845
-0.0133889
-0.0128066
-0.012288
-0.0118877
-0.0113281
-0.0107362
-0.0102601
-0.00971004
-0.00912229
-0.00858914
-0.00802024
-0.00742318
-0.00683794
-0.00622654
-0.00561397
-0.00500948
-0.00436218
-0.0037024
-0.00306235
-0.00240056
-0.00170922
-0.00102134
-0.00033228
0.000374253
0.00108386
0.00178566
0.00246929
0.0031131
0.0036666
-0.0549316
-0.0488413
-0.0414167
-0.0345606
-0.029152
-0.0254728
-0.0235429
-0.0231449
-0.0238893
-0.025324
-0.0270419
-0.0287436
-0.0302356
-0.0314132
-0.0322197
-0.0326538
-0.0327544
-0.0325921
-0.0322416
-0.031773
-0.0312628
-0.0307749
-0.030368
-0.03006
-0.0298546
-0.0297496
-0.0297316
-0.0297745
-0.0298138
-0.0298133
-0.0297301
-0.0295342
-0.0292245
-0.0288137
-0.0283595
-0.0278922
-0.027464
-0.027085
-0.0267608
-0.026495
-0.0262096
-0.0258849
-0.025497
-0.0250603
-0.0246259
-0.0242163
-0.0238531
-0.0235169
-0.0231986
-0.0228669
-0.0225037
-0.0221057
-0.0216819
-0.0212565
-0.0208277
-0.0204454
-0.020077
-0.0196784
-0.0192676
-0.0188115
-0.0183499
-0.0179003
-0.0174667
-0.0170806
-0.0166718
-0.0162144
-0.0156914
-0.0151783
-0.0147674
-0.0143097
-0.0138225
-0.0133661
-0.0128009
-0.0122767
-0.0118569
-0.011313
-0.0107434
-0.0102502
-0.00968696
-0.00911317
-0.00858134
-0.00800298
-0.00741167
-0.00682936
-0.00621209
-0.00560111
-0.00500035
-0.00435141
-0.00369236
-0.00305481
-0.00239153
-0.00169899
-0.00101187
-0.00032188
0.000386859
0.00109866
0.00180239
0.00248873
0.00313484
0.00369022
-0.0551326
-0.0490517
-0.0416394
-0.0347841
-0.029367
-0.0256721
-0.0237134
-0.0232818
-0.0239985
-0.0254241
-0.0271482
-0.0288609
-0.0303621
-0.0315486
-0.0323713
-0.0328192
-0.0329223
-0.0327448
-0.0323782
-0.0318994
-0.0313785
-0.0308675
-0.030426
-0.0300878
-0.0298548
-0.0297215
-0.0296774
-0.0297054
-0.0297434
-0.0297434
-0.0296624
-0.0294756
-0.0291681
-0.0287453
-0.0282727
-0.0277978
-0.0273693
-0.026999
-0.0266946
-0.0264435
-0.0261697
-0.0258437
-0.0254439
-0.024996
-0.0245562
-0.024157
-0.0238131
-0.0234901
-0.0231652
-0.022815
-0.022441
-0.0220448
-0.0216336
-0.0212263
-0.020801
-0.0204153
-0.020059
-0.0196633
-0.0192519
-0.0188008
-0.0183235
-0.0178712
-0.0174491
-0.0170558
-0.0166499
-0.0161981
-0.0156697
-0.0151613
-0.0147532
-0.0142939
-0.0137978
-0.0133305
-0.0127901
-0.0122786
-0.0118224
-0.0112788
-0.0107436
-0.0102373
-0.00965897
-0.00910738
-0.00857754
-0.00798255
-0.00739676
-0.00682283
-0.00620231
-0.00559059
-0.00498969
-0.00433823
-0.00368178
-0.00304695
-0.00238086
-0.00168647
-0.00100036
-0.000310189
0.000400586
0.00111413
0.00181976
0.00250865
0.00315663
0.0037142
-0.055469
-0.0494458
-0.0420702
-0.0352236
-0.0297964
-0.0260787
-0.0240856
-0.0236091
-0.0242764
-0.0256524
-0.0273338
-0.0290076
-0.0304763
-0.0316334
-0.0324355
-0.0328671
-0.0329587
-0.0327735
-0.0324057
-0.0319343
-0.0314203
-0.0309148
-0.0304682
-0.0301219
-0.0298745
-0.0297213
-0.0296501
-0.0296494
-0.0296691
-0.0296551
-0.0295681
-0.0293888
-0.0290978
-0.0286903
-0.0282296
-0.0277592
-0.0273295
-0.0269619
-0.026666
-0.0264139
-0.0261355
-0.0258053
-0.0253935
-0.0249405
-0.0244915
-0.0240898
-0.0237628
-0.0234609
-0.0231468
-0.0227793
-0.0223826
-0.0219718
-0.0215582
-0.0211723
-0.0207648
-0.0203799
-0.0200162
-0.0196123
-0.0192065
-0.0187698
-0.0182971
-0.0178491
-0.0174344
-0.0170374
-0.0166301
-0.0161734
-0.0156384
-0.0151483
-0.0147517
-0.0142847
-0.0137787
-0.0132951
-0.0127723
-0.0122851
-0.0117964
-0.0112418
-0.0107392
-0.0102191
-0.00962071
-0.00909535
-0.00857459
-0.00796267
-0.00737784
-0.00681105
-0.00619164
-0.00558419
-0.00498181
-0.00432416
-0.00366963
-0.0030385
-0.00236998
-0.00167302
-0.000987569
-0.00029694
0.000415686
0.00113041
0.00183786
0.00252873
0.00317881
0.00373911
-0.0559842
-0.0500674
-0.0427636
-0.0359547
-0.0305399
-0.0268107
-0.0247857
-0.0242515
-0.0248355
-0.0261055
-0.0276741
-0.0292397
-0.0306136
-0.0316889
-0.0324237
-0.0328085
-0.0328768
-0.032693
-0.0323359
-0.0318836
-0.0313889
-0.0309092
-0.0304794
-0.0301376
-0.0298845
-0.0297181
-0.0296288
-0.0295953
-0.0295833
-0.0295361
-0.029428
-0.0292393
-0.0289629
-0.0285964
-0.0281769
-0.0277358
-0.0273151
-0.0269518
-0.0266545
-0.0263953
-0.0261107
-0.0257741
-0.0253565
-0.024906
-0.0244592
-0.0240506
-0.0237188
-0.0234151
-0.0231144
-0.0227556
-0.0223487
-0.0219257
-0.0214993
-0.0211147
-0.0207246
-0.020357
-0.0199863
-0.0195585
-0.0191424
-0.0187045
-0.0182452
-0.0178192
-0.0174123
-0.0170156
-0.016605
-0.0161411
-0.0156059
-0.0151254
-0.0147369
-0.0142727
-0.0137586
-0.0132578
-0.0127508
-0.0122869
-0.0117743
-0.0112145
-0.0107409
-0.010204
-0.00958345
-0.00908193
-0.00857075
-0.00794414
-0.00735939
-0.00679443
-0.00617184
-0.00557051
-0.0049717
-0.0043103
-0.00365598
-0.00302757
-0.00235827
-0.00166092
-0.000976537
-0.000284317
0.0004305
0.00114711
0.00185666
0.0025502
0.00320296
0.00376479
-0.0566406
-0.0509082
-0.043757
-0.0370777
-0.0317521
-0.0280592
-0.0260134
-0.0253966
-0.0258397
-0.0269264
-0.0282938
-0.0296653
-0.0308652
-0.0317945
-0.0324117
-0.0327178
-0.0327442
-0.0325539
-0.032208
-0.0317798
-0.0313165
-0.03087
-0.0304664
-0.030132
-0.0298786
-0.0297004
-0.0295921
-0.0295193
-0.0294618
-0.0293714
-0.0292279
-0.0290129
-0.0287335
-0.0284072
-0.0280401
-0.0276562
-0.0272771
-0.0269337
-0.0266255
-0.0263385
-0.0260381
-0.0256935
-0.0252883
-0.0248621
-0.0244474
-0.0240576
-0.0237145
-0.0233786
-0.0230563
-0.0227105
-0.0223156
-0.0218963
-0.0214639
-0.0210692
-0.0206885
-0.0203399
-0.0199792
-0.0195388
-0.0191028
-0.0186499
-0.0181922
-0.017784
-0.017382
-0.0169872
-0.0165665
-0.0160827
-0.0155702
-0.0151109
-0.014706
-0.0142466
-0.0137369
-0.0132143
-0.0127212
-0.0122783
-0.0117444
-0.011191
-0.010749
-0.0101922
-0.00954779
-0.00906765
-0.00856694
-0.00792804
-0.00734327
-0.00678204
-0.00615529
-0.00555148
-0.00495287
-0.00429333
-0.0036436
-0.00301576
-0.00234298
-0.00164578
-0.000963535
-0.000270785
0.000446324
0.00116523
0.00187661
0.00257268
0.00322658
0.00378929
-0.0571617
-0.0517928
-0.0450155
-0.0386908
-0.0336352
-0.0300935
-0.0280654
-0.0273361
-0.0275576
-0.0283542
-0.0294015
-0.0304624
-0.0313822
-0.0320802
-0.0325188
-0.0327038
-0.032662
-0.0324462
-0.0321089
-0.0317066
-0.0312814
-0.0308668
-0.0304883
-0.0301611
-0.0299013
-0.0296995
-0.0295495
-0.0294236
-0.0293086
-0.0291708
-0.0289857
-0.0287411
-0.0284492
-0.0281408
-0.0278113
-0.0274871
-0.0271723
-0.026867
-0.0265524
-0.0262236
-0.0258912
-0.0255298
-0.0251464
-0.0247613
-0.0243945
-0.0240517
-0.0237212
-0.0233697
-0.0230086
-0.0226468
-0.0222589
-0.021852
-0.0214239
-0.0210157
-0.0206486
-0.0203121
-0.0199597
-0.0195291
-0.0190708
-0.0186064
-0.0181604
-0.0177663
-0.0173673
-0.0169639
-0.0165276
-0.0160143
-0.0155206
-0.0151039
-0.0146773
-0.0142061
-0.0137167
-0.0131831
-0.0126923
-0.0122583
-0.0117012
-0.0111579
-0.0107509
-0.010182
-0.00951477
-0.00904452
-0.00855406
-0.00790995
-0.0073213
-0.00676673
-0.00614989
-0.00554445
-0.0049352
-0.00427499
-0.00363388
-0.0030062
-0.0023278
-0.00162857
-0.000946466
-0.000252542
0.000466355
0.00118584
0.00189816
0.00259559
0.00325015
0.00381371
-0.0567546
-0.052221
-0.0463507
-0.0408401
-0.0363914
-0.0332058
-0.0312656
-0.0303824
-0.0302664
-0.0306206
-0.0311891
-0.0317918
-0.0323108
-0.0326835
-0.0328798
-0.0328989
-0.0327623
-0.0325049
-0.0321687
-0.0317864
-0.0313902
-0.0309999
-0.030637
-0.0303096
-0.0300261
-0.0297831
-0.0295758
-0.0293906
-0.0292095
-0.0290096
-0.0287689
-0.0284923
-0.0281894
-0.0278828
-0.0275737
-0.0272879
-0.0270231
-0.0267504
-0.0264462
-0.0260965
-0.0257288
-0.0253379
-0.0249591
-0.0246084
-0.024278
-0.0239767
-0.023671
-0.023336
-0.0229605
-0.0225717
-0.0221804
-0.0217873
-0.0213818
-0.0209595
-0.0205895
-0.0202573
-0.0199016
-0.0195001
-0.0190303
-0.0185444
-0.018113
-0.017736
-0.0173632
-0.0169538
-0.0164888
-0.0159662
-0.0154819
-0.015088
-0.0146511
-0.0141591
-0.0136867
-0.0131672
-0.0126775
-0.0122363
-0.0116591
-0.0111166
-0.0107243
-0.0101591
-0.00949404
-0.00902187
-0.00853015
-0.00789104
-0.00729534
-0.00673527
-0.00613653
-0.0055427
-0.00492201
-0.00425671
-0.0036222
-0.00299491
-0.00231339
-0.00161481
-0.000932824
-0.000235737
0.000484818
0.00120418
0.00191888
0.00261866
0.00327634
0.00384265
-0.0540818
-0.0512919
-0.0472542
-0.0433258
-0.040032
-0.0375138
-0.0357589
-0.0346607
-0.0340585
-0.0337881
-0.0337056
-0.033706
-0.0337151
-0.033682
-0.0335759
-0.0333838
-0.0331181
-0.0327962
-0.0324428
-0.0320692
-0.0316938
-0.0313262
-0.0309769
-0.0306441
-0.0303259
-0.0300285
-0.0297506
-0.0294916
-0.0292267
-0.0289487
-0.0286494
-0.0283439
-0.0280369
-0.0277282
-0.0274349
-0.0271674
-0.0269212
-0.0266554
-0.0263562
-0.0260052
-0.0256091
-0.0251931
-0.0248044
-0.0244656
-0.0241541
-0.0238679
-0.0235648
-0.0232351
-0.0228633
-0.0224669
-0.02208
-0.0216849
-0.021301
-0.0209069
-0.0205429
-0.0202044
-0.0198242
-0.0194374
-0.0189818
-0.018486
-0.018061
-0.0176773
-0.0173245
-0.0169312
-0.0164349
-0.0159192
-0.0154655
-0.0150766
-0.0146298
-0.0141129
-0.0136354
-0.013147
-0.01267
-0.0122093
-0.0116349
-0.0111061
-0.0106875
-0.0101074
-0.00947044
-0.00900462
-0.00850337
-0.00787744
-0.0072787
-0.0067003
-0.00611073
-0.00552816
-0.00489815
-0.00423223
-0.00360737
-0.00297739
-0.00228934
-0.00159651
-0.000920627
-0.000221935
0.000501391
0.00122276
0.00193869
0.00264086
0.00330065
0.00386929
-0.048259
-0.0479607
-0.0468606
-0.0455035
-0.0440431
-0.042545
-0.0410815
-0.039725
-0.0385255
-0.0375051
-0.0366611
-0.0359747
-0.0354128
-0.0349322
-0.0344933
-0.0340697
-0.0336571
-0.0332563
-0.0328728
-0.0325022
-0.0321471
-0.0318044
-0.0314693
-0.0311309
-0.0307785
-0.0304199
-0.0300562
-0.0297012
-0.0293449
-0.0289969
-0.0286609
-0.0283389
-0.0280291
-0.0277175
-0.0274337
-0.027172
-0.0269176
-0.0266334
-0.0263126
-0.0259562
-0.0255507
-0.0251393
-0.0247497
-0.0243956
-0.024079
-0.0237871
-0.0234768
-0.0231357
-0.0227604
-0.0223628
-0.021977
-0.0215645
-0.0211677
-0.0208217
-0.0205033
-0.0201725
-0.0197691
-0.0193519
-0.0189
-0.0184296
-0.0180329
-0.0176434
-0.0172666
-0.0168624
-0.0163534
-0.0158662
-0.015453
-0.0150549
-0.0146027
-0.0140825
-0.0135827
-0.013112
-0.0126535
-0.012162
-0.0116028
-0.0111249
-0.0106776
-0.0100584
-0.00945106
-0.00899539
-0.00847332
-0.00785925
-0.00727005
-0.0066791
-0.00609256
-0.00551311
-0.00486961
-0.00420418
-0.00359461
-0.00296426
-0.00226681
-0.00157292
-0.000900035
-0.00020141
0.000523793
0.00124701
0.00196318
0.00266712
0.00332616
0.00389056
-0.0379286
-0.0414664
-0.0446249
-0.0465768
-0.047262
-0.046868
-0.0457063
-0.0441093
-0.0423604
-0.0406618
-0.0391349
-0.0378353
-0.0367676
-0.0359027
-0.0351932
-0.0345962
-0.0340795
-0.0336233
-0.033214
-0.0328406
-0.0324949
-0.0321638
-0.031834
-0.0314893
-0.0311189
-0.0307236
-0.030308
-0.0298903
-0.0294763
-0.0290784
-0.0287038
-0.028354
-0.0280338
-0.0277365
-0.0274759
-0.027223
-0.0269421
-0.0266135
-0.0262495
-0.0258785
-0.0254952
-0.0251277
-0.0247644
-0.0243953
-0.0240477
-0.0237242
-0.0234068
-0.0230701
-0.0227076
-0.0223227
-0.0219279
-0.0214992
-0.0210721
-0.0207243
-0.0204257
-0.0201089
-0.0197244
-0.0192769
-0.018793
-0.0183479
-0.0179852
-0.0176146
-0.0172209
-0.0167729
-0.0162523
-0.0158084
-0.0154302
-0.0150054
-0.0145383
-0.0140498
-0.0135597
-0.0130798
-0.0126062
-0.0120831
-0.0115429
-0.0111221
-0.0106626
-0.0100106
-0.00943039
-0.0089904
-0.00844623
-0.00782784
-0.00724386
-0.00665473
-0.00608309
-0.00550725
-0.00484704
-0.00417891
-0.00358151
-0.00295499
-0.00225433
-0.0015573
-0.000881037
-0.000179581
0.000546371
0.00126858
0.00198768
0.00269315
0.00335397
0.00392144
-0.031764
-0.0370212
-0.0423385
-0.0461764
-0.0482292
-0.0486063
-0.0477142
-0.0460437
-0.0440239
-0.0419659
-0.0400656
-0.038427
-0.0370822
-0.0360191
-0.035188
-0.0345318
-0.0339925
-0.0335308
-0.0331226
-0.032754
-0.0324145
-0.0320835
-0.031748
-0.0313921
-0.0310153
-0.0306189
-0.0302131
-0.0298084
-0.029402
-0.0289959
-0.0285935
-0.0282195
-0.0278932
-0.0276207
-0.0273875
-0.0271412
-0.0268436
-0.0264853
-0.0260984
-0.0257166
-0.0253586
-0.0250381
-0.0247117
-0.0243653
-0.0240128
-0.0236521
-0.0233051
-0.0229659
-0.0226352
-0.0222965
-0.0219071
-0.0214737
-0.0210389
-0.020671
-0.0203626
-0.0200373
-0.0196607
-0.0191993
-0.018689
-0.0182713
-0.0179404
-0.017584
-0.0171813
-0.0166874
-0.016161
-0.0157694
-0.0154164
-0.0149548
-0.0144515
-0.0139826
-0.0135377
-0.0130729
-0.0125666
-0.0120081
-0.0114901
-0.0111073
-0.0106323
-0.00995497
-0.00939009
-0.00896922
-0.00842551
-0.00779984
-0.00720024
-0.00661076
-0.00606364
-0.00549678
-0.00482559
-0.00415894
-0.00356534
-0.0029314
-0.00222912
-0.00154166
-0.000867672
-0.000160894
0.000566098
0.00128764
0.00200633
0.00271272
0.0033776
0.0039524
-0.0319006
-0.0365106
-0.0411764
-0.0445787
-0.0464458
-0.0468454
-0.046086
-0.0445773
-0.0427046
-0.0407657
-0.0389588
-0.0373947
-0.0361152
-0.0351166
-0.0343567
-0.0337755
-0.0333078
-0.0329051
-0.0325395
-0.032195
-0.0318591
-0.0315135
-0.0311527
-0.0307762
-0.0303966
-0.0300248
-0.0296715
-0.0293363
-0.0289992
-0.0286478
-0.0282803
-0.0279256
-0.0276069
-0.027337
-0.027101
-0.0268505
-0.0265592
-0.0262183
-0.0258512
-0.025492
-0.0251687
-0.0248743
-0.0245635
-0.0242399
-0.0239032
-0.0235367
-0.0231674
-0.0228145
-0.0224938
-0.0221813
-0.0218139
-0.0214063
-0.0209989
-0.0206243
-0.0202993
-0.019965
-0.0195681
-0.0190926
-0.0185984
-0.0182117
-0.0178951
-0.0175455
-0.0171334
-0.0166067
-0.0160895
-0.0157485
-0.0154044
-0.0149
-0.0143624
-0.0138985
-0.0134871
-0.013053
-0.0125363
-0.0119546
-0.011449
-0.0110752
-0.0105908
-0.00992824
-0.0093711
-0.00892676
-0.00838503
-0.00778278
-0.00717299
-0.00656718
-0.00603524
-0.00547862
-0.00479922
-0.00413653
-0.00355196
-0.00290842
-0.00219712
-0.00151506
-0.000847829
-0.00014229
0.000584704
0.00130828
0.00202882
0.00273969
0.00340458
0.00396902
-0.0391528
-0.040585
-0.0417737
-0.0424672
-0.0425828
-0.0421468
-0.0412579
-0.0400589
-0.0387101
-0.0373567
-0.0361115
-0.0350396
-0.0341698
-0.0334978
-0.0329962
-0.0326161
-0.0322999
-0.0320027
-0.0316953
-0.0313687
-0.0310146
-0.0306365
-0.0302455
-0.0298628
-0.0295102
-0.0292006
-0.0289382
-0.0287007
-0.0284587
-0.0281854
-0.0278807
-0.0275631
-0.0272537
-0.0269786
-0.0267271
-0.0264655
-0.0261709
-0.0258554
-0.0255486
-0.025267
-0.0250128
-0.024734
-0.024404
-0.0240606
-0.0237109
-0.0233611
-0.0230219
-0.0226847
-0.0223572
-0.0220211
-0.0216563
-0.0212925
-0.0209311
-0.0205628
-0.0202071
-0.0198425
-0.0194293
-0.0189732
-0.0185461
-0.0182024
-0.0178603
-0.0174608
-0.0170176
-0.0165089
-0.0160402
-0.0157171
-0.0153584
-0.0148298
-0.0142878
-0.0138542
-0.0134512
-0.012991
-0.0124692
-0.0119182
-0.0114411
-0.011034
-0.0104964
-0.009869
-0.00936842
-0.00889542
-0.00832205
-0.00774631
-0.00715237
-0.0065372
-0.00600771
-0.0054505
-0.00476001
-0.00410122
-0.00352896
-0.0028854
-0.00217023
-0.00149033
-0.000824706
-0.00011774
0.000609736
0.00133109
0.00205578
0.00277111
0.00343568
0.00400602
-0.0488234
-0.0463003
-0.0431352
-0.040282
-0.0380062
-0.0363099
-0.035082
-0.0341792
-0.0334907
-0.0329467
-0.0325139
-0.0321709
-0.0319047
-0.0316994
-0.0315331
-0.031378
-0.0312029
-0.0309928
-0.030736
-0.0304347
-0.0300857
-0.0297036
-0.029312
-0.0289435
-0.0286332
-0.028396
-0.0282326
-0.0280982
-0.0279542
-0.0277671
-0.0275323
-0.027261
-0.0269647
-0.0266752
-0.0263783
-0.026065
-0.0257489
-0.0254772
-0.0252728
-0.0250888
-0.0248766
-0.0245812
-0.0242212
-0.0238538
-0.0235025
-0.0231892
-0.022894
-0.0225793
-0.022238
-0.0218693
-0.0214912
-0.0211515
-0.0208414
-0.020518
-0.0201627
-0.0197373
-0.0192626
-0.0188315
-0.0185023
-0.0182288
-0.0178796
-0.0174153
-0.0168861
-0.0163736
-0.0159924
-0.0157032
-0.0153252
-0.0147926
-0.0142457
-0.0138312
-0.0134428
-0.0129462
-0.0124096
-0.0118982
-0.0114626
-0.0110365
-0.0104293
-0.00980545
-0.00937701
-0.00889868
-0.00827801
-0.00771834
-0.0071475
-0.00652008
-0.00598737
-0.00543469
-0.00473922
-0.00408138
-0.00351458
-0.00287034
-0.00215586
-0.00148125
-0.000815437
-9.97051e-05
0.000631849
0.00135039
0.00206885
0.00278459
0.00345583
0.00402673
-0.0547777
-0.0492025
-0.0430398
-0.0377789
-0.0338295
-0.0312103
-0.0297145
-0.0290331
-0.0288741
-0.0290119
-0.029293
-0.0296157
-0.0299121
-0.030133
-0.0302449
-0.0302389
-0.0301288
-0.0299467
-0.029714
-0.0294384
-0.0291159
-0.0287568
-0.0283906
-0.0280575
-0.0278014
-0.0276372
-0.0275492
-0.0274792
-0.0273861
-0.0272531
-0.027087
-0.0268945
-0.026663
-0.0263887
-0.0260423
-0.0256541
-0.0253004
-0.0250536
-0.0249174
-0.0248019
-0.02463
-0.0243356
-0.023951
-0.0235502
-0.0231915
-0.0229161
-0.0226642
-0.0223839
-0.0220486
-0.021659
-0.0212695
-0.0209263
-0.0206349
-0.0203558
-0.0200276
-0.0195769
-0.0190509
-0.018605
-0.0183186
-0.0181087
-0.0177754
-0.0172718
-0.0166927
-0.0161794
-0.0158756
-0.0156282
-0.0152139
-0.0146793
-0.0141723
-0.013788
-0.0133831
-0.0128219
-0.0122713
-0.0118061
-0.0113974
-0.0109776
-0.0103598
-0.00974179
-0.00936834
-0.00889624
-0.00821316
-0.00764193
-0.00710282
-0.00647599
-0.00594058
-0.00540413
-0.00471733
-0.00406143
-0.00349624
-0.0028437
-0.00211882
-0.00144618
-0.000791491
-8.47184e-05
0.000646383
0.0013682
0.00208738
0.00280724
0.00348496
0.00405908
-0.0574634
-0.049331
-0.0419638
-0.0359622
-0.0315259
-0.0286336
-0.027069
-0.0265012
-0.0265898
-0.02705
-0.027676
-0.0283254
-0.0289013
-0.0293332
-0.0295808
-0.0296435
-0.0295567
-0.0293733
-0.029129
-0.0288401
-0.0285112
-0.0281601
-0.0278169
-0.0275163
-0.0272961
-0.0271685
-0.0271136
-0.0270753
-0.0270143
-0.0269144
-0.0267782
-0.0266078
-0.0263909
-0.026122
-0.0257734
-0.0253825
-0.0250338
-0.0247934
-0.0246691
-0.0245813
-0.0244374
-0.0241375
-0.0237101
-0.0232783
-0.0229349
-0.0227038
-0.0224836
-0.0222169
-0.0218842
-0.0214789
-0.0210744
-0.0207347
-0.0204703
-0.020216
-0.0198643
-0.0193651
-0.0188375
-0.0184384
-0.0181803
-0.0179676
-0.0176197
-0.0170938
-0.0165044
-0.0159967
-0.0157265
-0.0155287
-0.0151262
-0.0145828
-0.0140786
-0.0136996
-0.0132936
-0.0127079
-0.01214
-0.0116985
-0.0113112
-0.0108929
-0.0102769
-0.00966958
-0.00932894
-0.00887571
-0.00815416
-0.00754299
-0.00701104
-0.00640483
-0.00588386
-0.00536635
-0.00469162
-0.00403273
-0.00345725
-0.00279713
-0.00207028
-0.00140124
-0.000754371
-6.14067e-05
0.000660376
0.00138315
0.00211371
0.00283934
0.00351603
0.004113
)
;

boundaryField
{
    zeroGradientPlanes
    {
        type            zeroGradient;
    }
    inlet
    {
        type            zeroGradient;
    }
    plate
    {
        type            zeroGradient;
    }
    frontAndBack
    {
        type            empty;
    }
}


// ************************************************************************* //
