/*--------------------------------*- C++ -*----------------------------------*\
  =========                 |
  \\      /  F ield         | OpenFOAM: The Open Source CFD Toolbox
   \\    /   O peration     | Website:  https://openfoam.org
    \\  /    A nd           | Version:  6
     \\/     M anipulation  |
\*---------------------------------------------------------------------------*/
FoamFile
{
    version     2.0;
    format      ascii;
    class       volScalarField;
    location    "0.4";
    object      p;
}
// * * * * * * * * * * * * * * * * * * * * * * * * * * * * * * * * * * * * * //

dimensions      [0 2 -2 0 0 0 0];

internalField   nonuniform List<scalar> 
4800
(
-8.36711e-11
-1.98429e-05
0.00010286
0.000194414
0.000183337
0.000280372
0.000567738
0.000581339
0.000567709
0.000759268
0.000883282
0.000620743
0.000133632
-0.000279341
-0.000676137
-0.00114374
-0.00161166
-0.00202999
-0.00235161
-0.00234933
1.67701e-06
-1.90015e-05
0.000101452
0.000194001
0.000183519
0.000281305
0.000567563
0.000583446
0.000567056
0.000755659
0.000881244
0.00062424
0.000138855
-0.000274592
-0.000675436
-0.00114927
-0.00162072
-0.0020446
-0.00236511
-0.00239709
3.07479e-06
-1.71924e-05
9.75743e-05
0.00019727
0.000181864
0.000281475
0.000564083
0.000593373
0.000566017
0.000744344
0.000874542
0.000635737
0.000159018
-0.00025796
-0.000676513
-0.00117034
-0.00165074
-0.002078
-0.00238862
-0.00252103
3.92901e-06
-1.33554e-05
9.11974e-05
0.000202416
0.000178757
0.000281196
0.000556401
0.000612166
0.000567608
0.000724038
0.00085997
0.000653137
0.000200167
-0.00022738
-0.000677972
-0.00120686
-0.00170486
-0.00212897
-0.00243315
-0.00267398
4.89899e-06
-8.96974e-06
8.33317e-05
0.000206451
0.000179598
0.000278154
0.00054442
0.000633888
0.00057641
0.000700704
0.000839004
0.000671038
0.00025632
-0.000184649
-0.0006748
-0.00125301
-0.00176969
-0.00219837
-0.00250909
-0.00279379
6.01466e-06
-5.56763e-06
7.81407e-05
0.000204526
0.000185732
0.000273862
0.000530725
0.000649035
0.000593814
0.00068681
0.000816801
0.000682986
0.000310802
-0.000134291
-0.000663932
-0.00129447
-0.00182988
-0.00226612
-0.00259455
-0.0028617
7.38536e-06
-2.3458e-06
7.64987e-05
0.000193568
0.000197832
0.000274247
0.000513394
0.000652811
0.000614952
0.000692012
0.00080128
0.000689273
0.000348331
-8.6104e-05
-0.000641102
-0.00131654
-0.00188015
-0.00232351
-0.00267346
-0.00289505
6.50844e-06
2.06671e-06
7.75334e-05
0.000180118
0.000208543
0.000278845
0.000497645
0.000649237
0.000626964
0.00071536
0.00080418
0.000693505
0.000363904
-4.82774e-05
-0.000606245
-0.00131637
-0.00191583
-0.00238126
-0.00274993
-0.00295139
2.10916e-06
9.51312e-06
8.1258e-05
0.000166574
0.000208055
0.000289763
0.000495182
0.000633491
0.000624818
0.000748305
0.000827448
0.000698479
0.000374315
-1.88301e-05
-0.000569935
-0.00129876
-0.00195106
-0.00245468
-0.00283791
-0.00307404
9.65989e-08
1.65894e-05
8.32881e-05
0.000155764
0.000202442
0.000298193
0.000500636
0.000613796
0.000624876
0.000768635
0.000855045
0.000718171
0.000404228
4.70106e-06
-0.000544021
-0.00127887
-0.00199502
-0.00255692
-0.00293309
-0.00307733
3.00101e-06
1.5574e-05
8.41903e-05
0.000158491
0.000190314
0.000286085
0.000517143
0.000619884
0.000621896
0.000752181
0.000882797
0.000766453
0.000448347
2.54342e-05
-0.000518347
-0.00126671
-0.00205259
-0.00268644
-0.00303487
-0.00301641
5.97877e-06
6.66091e-06
8.8884e-05
0.00017217
0.000167924
0.000265815
0.000547405
0.000639337
0.000597946
0.000729202
0.000920302
0.000814169
0.000477895
6.23056e-05
-0.000476947
-0.00126951
-0.00213319
-0.00281992
-0.00318798
-0.00315424
5.71358e-06
-3.06208e-06
9.48588e-05
0.000187461
0.000152527
0.000251474
0.000555609
0.000644361
0.00059171
0.000745162
0.000934001
0.000810723
0.000494218
0.000124921
-0.000436991
-0.00129487
-0.00221803
-0.0029184
-0.00334721
-0.00354825
3.25118e-06
-6.43324e-06
9.7482e-05
0.000198464
0.000152255
0.000234323
0.00052572
0.000650241
0.000629416
0.000766509
0.000896207
0.000781807
0.000518931
0.000167074
-0.000436353
-0.00132344
-0.00225638
-0.00301573
-0.00361813
-0.00418285
3.4158e-06
3.09985e-07
9.08327e-05
0.000193803
0.000162209
0.000224099
0.000485108
0.000651425
0.000658901
0.000767109
0.00087972
0.000783658
0.000499254
0.000109354
-0.000483181
-0.00132209
-0.00225117
-0.0031829
-0.00408925
-0.00497042
9.31932e-06
1.14581e-05
6.84185e-05
0.000173506
0.000187749
0.000236957
0.000442766
0.000614404
0.000657924
0.00079609
0.000925268
0.000756873
0.000356139
-3.94042e-05
-0.000530117
-0.00130236
-0.00231559
-0.00350032
-0.00469189
-0.00572735
1.67142e-05
1.53723e-05
3.91189e-05
0.000158486
0.000224837
0.000256394
0.000394747
0.000556882
0.000656425
0.00083479
0.000928083
0.000640512
0.000170654
-0.000165083
-0.000572721
-0.00138608
-0.00259315
-0.00396818
-0.00525963
-0.00627528
1.82126e-05
9.38069e-06
2.65e-05
0.000161756
0.000244532
0.000254278
0.000359219
0.00052265
0.000636398
0.000782793
0.000828785
0.000534968
8.94364e-05
-0.000260977
-0.000755538
-0.00171903
-0.0030696
-0.00444432
-0.00562995
-0.00653443
1.24623e-05
4.208e-06
4.22987e-05
0.000167596
0.000218926
0.00022598
0.000357809
0.000517443
0.000560669
0.000630128
0.000704083
0.000511082
5.71283e-05
-0.000471031
-0.00116905
-0.00221967
-0.00352326
-0.00475994
-0.0057817
-0.0065725
6.39557e-06
1.02408e-05
6.76564e-05
0.000148639
0.000157536
0.000199836
0.000390152
0.000517637
0.000446691
0.000448694
0.000575049
0.000452361
-8.19335e-05
-0.000816213
-0.00164251
-0.00264577
-0.00381507
-0.00494316
-0.00586386
-0.00651489
7.33655e-06
2.16767e-05
7.01398e-05
0.000107123
0.000114106
0.000205353
0.000416848
0.00048367
0.000319954
0.000262596
0.000379053
0.000263944
-0.000325499
-0.00115344
-0.00199852
-0.00294906
-0.00403334
-0.00508809
-0.00589863
-0.00632069
1.34691e-05
2.23407e-05
4.57127e-05
8.39373e-05
0.000126783
0.000215812
0.000367735
0.000378096
0.0001927
8.99413e-05
0.00013676
-7.1308e-06
-0.000601474
-0.00143897
-0.00228232
-0.00319461
-0.00417274
-0.00507846
-0.00571585
-0.00593584
1.65655e-05
1.06918e-05
2.58288e-05
9.98503e-05
0.000155354
0.000166644
0.000222911
0.000235647
0.000114023
-2.14231e-05
-0.000103037
-0.000341198
-0.000936706
-0.00174143
-0.00253298
-0.00329893
-0.00408357
-0.0048234
-0.00536962
-0.00559413
1.45737e-05
3.89204e-06
2.86083e-05
0.000114602
0.000132366
6.03483e-05
7.25823e-05
0.000144238
8.89169e-05
-0.000128607
-0.000402599
-0.000769561
-0.00133214
-0.00201516
-0.00264103
-0.00319764
-0.00382749
-0.00452612
-0.00513891
-0.0054976
1.34717e-05
1.02882e-05
3.27081e-05
8.5373e-05
6.53225e-05
-1.71598e-05
4.46738e-06
8.6154e-05
-1.22075e-05
-0.000364833
-0.000789872
-0.00119124
-0.00163352
-0.00212693
-0.00258788
-0.0030593
-0.00366737
-0.00438758
-0.00504936
-0.00545523
1.58767e-05
1.75377e-05
1.79491e-05
3.15858e-05
1.75138e-05
-2.93712e-05
-3.70717e-05
-6.11997e-05
-0.000276503
-0.0006963
-0.00110868
-0.00142074
-0.00173299
-0.00212642
-0.0025865
-0.00311548
-0.00372124
-0.00434888
-0.00489856
-0.00525533
1.74946e-05
1.50447e-05
-2.82659e-06
-3.38375e-06
-7.90604e-08
-5.03633e-05
-0.000153479
-0.000307753
-0.00057845
-0.000932535
-0.00123436
-0.00148701
-0.00180529
-0.00227214
-0.00283567
-0.00338027
-0.00385344
-0.00425882
-0.00463622
-0.00499915
1.57538e-05
8.18537e-06
-1.2159e-05
-1.97317e-05
-3.61522e-05
-0.000137603
-0.000316509
-0.000516809
-0.000758111
-0.00102877
-0.00131477
-0.00165602
-0.00210063
-0.0026557
-0.00320243
-0.00360312
-0.00385414
-0.00407507
-0.00438983
-0.00484742
1.32156e-05
4.0444e-06
-1.67521e-05
-4.52201e-05
-0.000106481
-0.000244467
-0.000428647
-0.000621098
-0.00085123
-0.00115418
-0.0015608
-0.00203183
-0.00252941
-0.00300074
-0.00336936
-0.0035982
-0.00374508
-0.00396524
-0.00434299
-0.00486667
1.16466e-05
2.02776e-07
-2.97641e-05
-8.29757e-05
-0.000173407
-0.000311207
-0.000484074
-0.000698406
-0.000985133
-0.00139275
-0.00189368
-0.00237191
-0.00277685
-0.00309376
-0.00335878
-0.00360812
-0.00387887
-0.00421934
-0.00462494
-0.00504297
9.39078e-06
-7.06051e-06
-4.88259e-05
-0.000115248
-0.000212808
-0.000349739
-0.000544612
-0.000805863
-0.00114892
-0.0015941
-0.00206257
-0.00247248
-0.00282181
-0.00316396
-0.00355905
-0.00400227
-0.00443969
-0.0047855
-0.00500436
-0.00509122
5.06234e-06
-1.58843e-05
-6.51024e-05
-0.000136602
-0.000239112
-0.000392467
-0.000613994
-0.000888856
-0.00122585
-0.0016192
-0.00203126
-0.00246098
-0.00292448
-0.00345743
-0.00403538
-0.00457801
-0.00496784
-0.00510448
-0.0050079
-0.00477298
-6.37999e-07
-2.36869e-05
-7.7232e-05
-0.000154273
-0.000265032
-0.000428171
-0.000641349
-0.000890539
-0.00118639
-0.0015324
-0.00195994
-0.00248045
-0.00307019
-0.00368852
-0.00425798
-0.00469623
-0.00492697
-0.0049411
-0.00481281
-0.00466759
-6.88601e-06
-3.10571e-05
-8.74468e-05
-0.000169205
-0.000281094
-0.000430781
-0.000613719
-0.000834401
-0.00109863
-0.00143184
-0.00186658
-0.0023751
-0.00290578
-0.0034051
-0.00384929
-0.00423059
-0.00456
-0.00486415
-0.00514997
-0.0054225
-1.36856e-05
-3.88441e-05
-9.49265e-05
-0.000175931
-0.00027836
-0.000405235
-0.000562723
-0.000756994
-0.000986648
-0.00127393
-0.00161212
-0.00197375
-0.00233792
-0.00271118
-0.00313627
-0.00365677
-0.00429482
-0.00499928
-0.00565399
-0.00614041
-2.08798e-05
-4.62407e-05
-9.87227e-05
-0.00017376
-0.000263304
-0.000371438
-0.000502122
-0.000651459
-0.000816535
-0.00100104
-0.00119949
-0.00142803
-0.00170519
-0.00205891
-0.00251013
-0.00306642
-0.00369902
-0.00434743
-0.00494981
-0.0054511
-2.77742e-05
-5.29341e-05
-0.000100333
-0.000167752
-0.000245398
-0.000334014
-0.000426339
-0.000519047
-0.000607409
-0.000694778
-0.000802378
-0.000963641
-0.00119445
-0.00148911
-0.00181949
-0.00215604
-0.00248605
-0.00284755
-0.00332294
-0.0040135
-3.30692e-05
-5.94968e-05
-0.000101633
-0.000162468
-0.00022778
-0.000294814
-0.000352475
-0.000401753
-0.000436164
-0.000466551
-0.000508705
-0.000576748
-0.000681437
-0.000827139
-0.00102423
-0.00128629
-0.00164243
-0.00212996
-0.00279586
-0.0036978
-3.84059e-05
-6.40142e-05
-0.000104099
-0.000158995
-0.000215723
-0.000268078
-0.000309761
-0.000331804
-0.000335226
-0.000320478
-0.000290779
-0.000263315
-0.000270199
-0.000368936
-0.000632988
-0.00112662
-0.00187021
-0.00280707
-0.00382801
-0.00481539
-4.26614e-05
-6.56513e-05
-0.000106539
-0.000158009
-0.000213346
-0.000262261
-0.000299543
-0.000309464
-0.000292938
-0.00024235
-0.000175106
-0.000132816
-0.000168388
-0.000348628
-0.000739544
-0.00141501
-0.00244239
-0.0038244
-0.00535789
-0.00651418
-0.00181246
-0.00088815
-0.000235526
-0.000125757
-0.000482787
-0.00119684
-0.00212483
-0.00297571
-0.00358752
-0.00401784
-0.00431408
-0.0045036
-0.00481081
-0.00536697
-0.00602446
-0.00664887
-0.00719485
-0.00772354
-0.00819665
-0.00863109
-0.00937473
-0.010312
-0.0111228
-0.0119983
-0.0128776
-0.0136599
-0.0144699
-0.0151761
-0.01559
-0.0155186
-0.0152215
-0.0151386
-0.0150829
-0.015022
-0.0149653
-0.0146625
-0.0145056
-0.0147677
-0.0150047
-0.0151257
-0.0153221
-0.0155306
-0.0157042
-0.0159196
-0.0162325
-0.016546
-0.0167558
-0.0169741
-0.0172458
-0.0174632
-0.0176603
-0.0178781
-0.0180816
-0.018321
-0.0185845
-0.018787
-0.0190041
-0.0192779
-0.0194913
-0.0196532
-0.0198959
-0.0201841
-0.0204112
-0.0206133
-0.0208595
-0.0211266
-0.0213738
-0.0216199
-0.0218823
-0.0221578
-0.0224358
-0.0227202
-0.0230128
-0.023312
-0.0236178
-0.0239286
-0.0242467
-0.0245705
-0.0249011
-0.0252392
-0.0255832
-0.0259364
-0.0262952
-0.0266627
-0.0270369
-0.027418
-0.0278071
-0.0282025
-0.0286044
-0.0290156
-0.0294292
-0.0298544
-0.030281
-0.0307149
-0.0311521
-0.0315891
-0.0320194
-0.0324425
-0.0328148
-0.03315
-0.00198571
-0.00111815
-0.000445659
-0.000285631
-0.000594115
-0.00127867
-0.00217615
-0.00301181
-0.00362732
-0.00405185
-0.00434497
-0.00454227
-0.00484887
-0.00539902
-0.00605313
-0.00667931
-0.00722763
-0.00775111
-0.00822074
-0.00864859
-0.00938263
-0.0103236
-0.0111323
-0.0119896
-0.0128559
-0.0136334
-0.0144353
-0.0151329
-0.015549
-0.0154844
-0.0151953
-0.0151245
-0.0150723
-0.015011
-0.0149596
-0.0146579
-0.0145004
-0.0147661
-0.0150039
-0.0151238
-0.0153209
-0.0155297
-0.0157032
-0.0159182
-0.0162303
-0.0165437
-0.0167536
-0.0169721
-0.0172441
-0.0174617
-0.0176592
-0.0178773
-0.0180807
-0.0183202
-0.0185841
-0.0187863
-0.0190034
-0.0192778
-0.0194913
-0.0196529
-0.0198957
-0.0201842
-0.0204113
-0.0206133
-0.0208596
-0.0211267
-0.0213739
-0.02162
-0.0218823
-0.0221578
-0.0224358
-0.0227203
-0.0230128
-0.023312
-0.0236178
-0.0239286
-0.0242468
-0.0245705
-0.0249011
-0.0252392
-0.0255832
-0.0259364
-0.0262952
-0.0266627
-0.0270369
-0.027418
-0.0278071
-0.0282025
-0.0286044
-0.0290156
-0.0294292
-0.0298544
-0.030281
-0.0307149
-0.0311521
-0.0315891
-0.0320194
-0.0324426
-0.0328152
-0.0331503
-0.00221227
-0.00141053
-0.00073155
-0.000511456
-0.000747875
-0.00137932
-0.00222641
-0.00304178
-0.00366491
-0.00408097
-0.00436609
-0.00458052
-0.00489486
-0.00543828
-0.00608823
-0.0067122
-0.00726978
-0.00778959
-0.00824279
-0.00867315
-0.00940018
-0.0103279
-0.0111348
-0.0119678
-0.0128083
-0.0135815
-0.0143702
-0.015045
-0.0154524
-0.0154068
-0.015148
-0.0150949
-0.0150485
-0.0149867
-0.0149384
-0.0146479
-0.0144968
-0.0147629
-0.0150026
-0.0151225
-0.0153179
-0.0155269
-0.015702
-0.0159179
-0.0162285
-0.0165394
-0.0167491
-0.0169688
-0.0172406
-0.0174574
-0.0176557
-0.0178749
-0.0180785
-0.0183179
-0.0185818
-0.0187841
-0.0190012
-0.0192758
-0.0194899
-0.0196519
-0.0198948
-0.0201832
-0.0204104
-0.0206127
-0.0208592
-0.0211264
-0.0213736
-0.0216198
-0.0218823
-0.0221578
-0.0224358
-0.0227203
-0.0230128
-0.023312
-0.0236179
-0.0239286
-0.0242468
-0.0245706
-0.0249011
-0.0252393
-0.0255833
-0.0259365
-0.0262952
-0.0266627
-0.0270369
-0.027418
-0.0278071
-0.0282025
-0.0286044
-0.0290156
-0.0294292
-0.0298544
-0.030281
-0.0307149
-0.0311521
-0.0315892
-0.0320195
-0.0324429
-0.0328165
-0.0331516
-0.00241654
-0.00168949
-0.00104196
-0.00079164
-0.000955661
-0.00150517
-0.0022758
-0.00306296
-0.00369254
-0.00409327
-0.00436133
-0.00459777
-0.00493887
-0.00548199
-0.00611854
-0.00674265
-0.00732119
-0.00782602
-0.0082511
-0.00870257
-0.00941998
-0.0103125
-0.0111225
-0.0119378
-0.012744
-0.0135036
-0.0142766
-0.0149209
-0.0153133
-0.0153042
-0.0150851
-0.0150477
-0.0150182
-0.0149524
-0.0149041
-0.0146419
-0.0144976
-0.0147552
-0.0150003
-0.0151195
-0.0153098
-0.015522
-0.0157006
-0.015919
-0.0162282
-0.0165323
-0.0167409
-0.0169641
-0.0172342
-0.0174483
-0.0176486
-0.0178705
-0.0180741
-0.0183126
-0.018577
-0.0187802
-0.0189967
-0.0192707
-0.019486
-0.0196499
-0.0198928
-0.0201804
-0.0204079
-0.0206112
-0.020858
-0.0211252
-0.0213726
-0.0216192
-0.021882
-0.0221576
-0.0224357
-0.0227202
-0.0230127
-0.0233119
-0.0236178
-0.0239286
-0.0242468
-0.0245706
-0.0249012
-0.0252393
-0.0255833
-0.0259365
-0.0262952
-0.0266627
-0.0270369
-0.027418
-0.0278071
-0.0282025
-0.0286045
-0.0290156
-0.0294292
-0.0298544
-0.0302811
-0.030715
-0.0311522
-0.0315894
-0.0320199
-0.0324433
-0.0328187
-0.0331539
-0.00257001
-0.0019437
-0.00136775
-0.00112854
-0.0012335
-0.00166877
-0.00233004
-0.00307505
-0.00370716
-0.00409184
-0.00433395
-0.00459488
-0.00498884
-0.00553933
-0.00615049
-0.00678258
-0.00738547
-0.00785277
-0.00824834
-0.00873848
-0.00943793
-0.0102812
-0.011102
-0.011907
-0.0126685
-0.0134031
-0.0141581
-0.0147733
-0.0151586
-0.0151932
-0.0150123
-0.0149943
-0.0149866
-0.0149151
-0.0148728
-0.0146447
-0.0144978
-0.0147426
-0.0149991
-0.0151181
-0.0153017
-0.0155181
-0.0157004
-0.0159221
-0.0162284
-0.016522
-0.0167294
-0.0169578
-0.0172253
-0.0174363
-0.0176399
-0.017865
-0.0180681
-0.0183055
-0.0185706
-0.018775
-0.0189905
-0.0192633
-0.0194806
-0.0196473
-0.0198899
-0.0201761
-0.0204043
-0.020609
-0.0208562
-0.0211232
-0.021371
-0.0216184
-0.0218814
-0.0221572
-0.0224353
-0.0227199
-0.0230125
-0.0233117
-0.0236177
-0.0239285
-0.0242467
-0.0245706
-0.0249012
-0.0252394
-0.0255834
-0.0259366
-0.0262953
-0.0266628
-0.027037
-0.027418
-0.0278071
-0.0282026
-0.0286045
-0.0290157
-0.0294293
-0.0298545
-0.0302811
-0.0307151
-0.0311524
-0.0315896
-0.0320204
-0.0324438
-0.0328216
-0.033157
-0.00268656
-0.00218958
-0.00171314
-0.00151062
-0.00157254
-0.00187421
-0.0024026
-0.0030864
-0.00371236
-0.00408783
-0.00430072
-0.00458637
-0.00504912
-0.00561046
-0.00619546
-0.00683979
-0.00745379
-0.00787125
-0.0082438
-0.00877654
-0.00945447
-0.0102465
-0.0110797
-0.0118707
-0.012579
-0.0132854
-0.0140253
-0.0146222
-0.0150057
-0.0150776
-0.0149358
-0.0149386
-0.0149525
-0.0148839
-0.0148502
-0.0146481
-0.0144946
-0.0147293
-0.0150014
-0.0151212
-0.0152953
-0.0155137
-0.0157008
-0.0159262
-0.0162278
-0.0165094
-0.0167166
-0.0169509
-0.0172154
-0.0174231
-0.0176303
-0.0178588
-0.0180615
-0.0182979
-0.0185636
-0.0187688
-0.0189832
-0.0192551
-0.0194749
-0.0196444
-0.0198864
-0.0201711
-0.0204002
-0.0206065
-0.020854
-0.0211209
-0.0213693
-0.0216173
-0.0218807
-0.0221565
-0.0224347
-0.0227194
-0.0230121
-0.0233114
-0.0236174
-0.0239283
-0.0242466
-0.0245705
-0.0249012
-0.0252394
-0.0255835
-0.0259367
-0.0262954
-0.0266629
-0.0270371
-0.0274181
-0.0278072
-0.0282026
-0.0286045
-0.0290157
-0.0294293
-0.0298546
-0.0302812
-0.0307153
-0.0311526
-0.0315899
-0.0320211
-0.0324446
-0.032825
-0.0331604
-0.0027734
-0.00243612
-0.00208504
-0.001926
-0.00195137
-0.00212384
-0.0025116
-0.00310961
-0.00370665
-0.00407734
-0.00427621
-0.00458794
-0.00511147
-0.00568597
-0.00626185
-0.00691176
-0.0075157
-0.00789115
-0.00824391
-0.00880803
-0.00947056
-0.0102182
-0.0110549
-0.0118203
-0.012477
-0.0131643
-0.0138967
-0.0144788
-0.0148507
-0.0149542
-0.0148555
-0.0148759
-0.0149177
-0.0148626
-0.0148296
-0.0146487
-0.0144945
-0.0147187
-0.0150055
-0.0151265
-0.0152875
-0.0155072
-0.0157008
-0.0159295
-0.0162259
-0.0164955
-0.0167022
-0.016943
-0.0172048
-0.0174088
-0.0176199
-0.0178524
-0.0180548
-0.0182896
-0.0185555
-0.0187618
-0.0189756
-0.0192467
-0.0194688
-0.019641
-0.0198824
-0.0201657
-0.0203957
-0.0206038
-0.0208516
-0.0211183
-0.0213672
-0.0216159
-0.0218797
-0.0221556
-0.022434
-0.0227189
-0.0230117
-0.023311
-0.023617
-0.023928
-0.0242464
-0.0245704
-0.0249012
-0.0252395
-0.0255836
-0.0259368
-0.0262955
-0.026663
-0.0270372
-0.0274182
-0.0278072
-0.0282027
-0.0286045
-0.0290157
-0.0294294
-0.0298546
-0.0302813
-0.0307154
-0.0311529
-0.0315903
-0.0320219
-0.0324456
-0.0328285
-0.0331641
-0.00283673
-0.0026778
-0.00248927
-0.0023765
-0.00235623
-0.00241585
-0.00266476
-0.00314806
-0.00367822
-0.00404131
-0.0042661
-0.004613
-0.00516636
-0.00575638
-0.00634664
-0.00698918
-0.00756851
-0.00791654
-0.00824906
-0.00882997
-0.00948575
-0.0101977
-0.0110222
-0.0117539
-0.0123716
-0.01305
-0.013774
-0.0143306
-0.0146821
-0.0148211
-0.0147706
-0.0148128
-0.0148903
-0.0148464
-0.0148076
-0.0146524
-0.0144984
-0.0147056
-0.0150057
-0.0151281
-0.0152762
-0.0154996
-0.0156998
-0.0159305
-0.0162226
-0.0164801
-0.0166857
-0.0169342
-0.0171941
-0.0173938
-0.0176085
-0.0178454
-0.0180472
-0.0182799
-0.0185461
-0.0187543
-0.0189678
-0.0192376
-0.0194617
-0.0196369
-0.0198779
-0.0201598
-0.0203908
-0.0206006
-0.0208488
-0.0211153
-0.0213647
-0.0216144
-0.0218786
-0.0221547
-0.0224333
-0.0227183
-0.0230113
-0.0233107
-0.0236168
-0.0239278
-0.0242463
-0.0245704
-0.0249012
-0.0252395
-0.0255837
-0.0259369
-0.0262957
-0.0266631
-0.0270373
-0.0274183
-0.0278073
-0.0282027
-0.0286046
-0.0290158
-0.0294294
-0.0298547
-0.0302815
-0.0307156
-0.0311532
-0.0315907
-0.0320228
-0.0324467
-0.032832
-0.033168
-0.00292179
-0.0029217
-0.00292976
-0.00287283
-0.0027867
-0.00273855
-0.00285327
-0.00319499
-0.00362
-0.00397044
-0.00426881
-0.00466758
-0.0052156
-0.00581771
-0.00643753
-0.00706775
-0.00761707
-0.00794472
-0.00826157
-0.00884756
-0.0094935
-0.0101715
-0.0109736
-0.0116777
-0.0122717
-0.0129383
-0.0136405
-0.0141694
-0.0145101
-0.0146889
-0.0146898
-0.0147603
-0.0148658
-0.014821
-0.01478
-0.0146557
-0.014497
-0.0146844
-0.015001
-0.0151271
-0.0152644
-0.015493
-0.0156974
-0.0159286
-0.0162174
-0.0164631
-0.0166677
-0.016925
-0.017183
-0.0173772
-0.0175957
-0.0178375
-0.0180386
-0.018269
-0.0185363
-0.0187469
-0.0189595
-0.0192275
-0.019454
-0.0196327
-0.0198734
-0.0201537
-0.0203857
-0.0205974
-0.0208459
-0.0211123
-0.0213624
-0.0216129
-0.0218776
-0.0221539
-0.0224326
-0.0227178
-0.0230108
-0.0233102
-0.0236163
-0.0239275
-0.024246
-0.0245702
-0.0249011
-0.0252396
-0.0255838
-0.025937
-0.0262958
-0.0266632
-0.0270374
-0.0274183
-0.0278074
-0.0282028
-0.0286047
-0.0290158
-0.0294295
-0.0298548
-0.0302816
-0.0307157
-0.0311536
-0.0315911
-0.0320238
-0.032448
-0.0328356
-0.0331722
-0.00300614
-0.00319328
-0.00340554
-0.00341233
-0.00324153
-0.00307294
-0.0030572
-0.00324315
-0.0035423
-0.00388057
-0.00427901
-0.00474506
-0.00527518
-0.00587775
-0.00652907
-0.00715071
-0.00766213
-0.00797175
-0.00828324
-0.00886091
-0.00948263
-0.0101274
-0.0109167
-0.0116115
-0.0121868
-0.012822
-0.0134889
-0.0140067
-0.0143537
-0.0145647
-0.0146105
-0.0147042
-0.0148246
-0.0147794
-0.0147455
-0.0146557
-0.0144948
-0.0146637
-0.0149972
-0.0151274
-0.0152509
-0.0154825
-0.0156914
-0.0159228
-0.016209
-0.0164452
-0.0166499
-0.0169157
-0.0171713
-0.0173603
-0.0175827
-0.0178292
-0.0180294
-0.0182582
-0.0185269
-0.0187394
-0.0189507
-0.0192172
-0.0194465
-0.0196286
-0.0198687
-0.0201473
-0.0203803
-0.020594
-0.0208428
-0.0211091
-0.0213599
-0.0216113
-0.0218763
-0.0221527
-0.0224316
-0.0227169
-0.02301
-0.0233096
-0.0236158
-0.0239271
-0.0242458
-0.0245701
-0.0249011
-0.0252396
-0.0255839
-0.0259372
-0.0262959
-0.0266633
-0.0270375
-0.0274184
-0.0278074
-0.0282028
-0.0286047
-0.0290159
-0.0294296
-0.0298548
-0.0302819
-0.0307159
-0.031154
-0.0315916
-0.032025
-0.0324495
-0.0328391
-0.0331766
-0.00312253
-0.00351954
-0.00390265
-0.00395808
-0.00369558
-0.00339148
-0.00324483
-0.00327753
-0.0034575
-0.00379424
-0.00428594
-0.00482596
-0.00535772
-0.00595247
-0.00662333
-0.0072295
-0.00769054
-0.00799307
-0.00831365
-0.00886792
-0.00945641
-0.0100841
-0.0108754
-0.0115619
-0.0121064
-0.0126921
-0.013322
-0.0138489
-0.014212
-0.0144435
-0.01452
-0.0146278
-0.0147691
-0.0147373
-0.0147105
-0.0146562
-0.0145008
-0.0146453
-0.0149876
-0.0151217
-0.015228
-0.0154627
-0.0156843
-0.0159188
-0.0162012
-0.0164296
-0.0166351
-0.0169073
-0.0171598
-0.0173435
-0.0175691
-0.0178203
-0.0180207
-0.0182481
-0.0185173
-0.018731
-0.0189412
-0.0192064
-0.0194385
-0.0196239
-0.0198631
-0.0201399
-0.0203742
-0.02059
-0.0208393
-0.0211053
-0.0213568
-0.0216092
-0.0218747
-0.0221512
-0.0224304
-0.0227161
-0.0230095
-0.0233091
-0.0236155
-0.0239269
-0.0242456
-0.02457
-0.0249011
-0.0252396
-0.0255839
-0.0259373
-0.026296
-0.0266634
-0.0270376
-0.0274185
-0.0278075
-0.0282029
-0.0286048
-0.0290159
-0.0294298
-0.0298549
-0.0302821
-0.0307161
-0.0311546
-0.0315921
-0.0320264
-0.0324511
-0.0328427
-0.0331812
-0.00338617
-0.00392695
-0.00438542
-0.0044355
-0.00408749
-0.0036542
-0.00337631
-0.0032738
-0.00337386
-0.00372847
-0.00428665
-0.00489279
-0.00545717
-0.00605359
-0.00671776
-0.00728352
-0.00769214
-0.0080112
-0.00836059
-0.00887462
-0.00942919
-0.0100668
-0.0108449
-0.0114893
-0.0120029
-0.0125548
-0.0131572
-0.0136965
-0.0140768
-0.014323
-0.01442
-0.0145394
-0.0147109
-0.0147001
-0.0146726
-0.014648
-0.0145029
-0.0146194
-0.0149658
-0.0151096
-0.0152026
-0.0154432
-0.0156841
-0.0159225
-0.0161962
-0.016415
-0.0166208
-0.0168984
-0.0171471
-0.0173254
-0.0175544
-0.0178113
-0.0180123
-0.0182369
-0.0185052
-0.0187207
-0.0189306
-0.0191945
-0.019429
-0.0196178
-0.0198565
-0.0201318
-0.0203676
-0.0205858
-0.0208355
-0.0211014
-0.0213536
-0.0216071
-0.0218732
-0.0221501
-0.0224296
-0.0227155
-0.023009
-0.0233086
-0.023615
-0.0239264
-0.0242452
-0.0245697
-0.0249009
-0.0252396
-0.025584
-0.0259374
-0.0262962
-0.0266636
-0.0270377
-0.0274186
-0.0278076
-0.0282029
-0.0286049
-0.029016
-0.0294299
-0.029855
-0.0302824
-0.0307164
-0.0311552
-0.0315927
-0.0320278
-0.0324528
-0.0328463
-0.0331861
-0.00389639
-0.00443781
-0.00481057
-0.00476697
-0.00434612
-0.0038212
-0.00342437
-0.00322387
-0.00330553
-0.0036964
-0.00429055
-0.00493681
-0.00555496
-0.00617888
-0.00680955
-0.00731229
-0.00768047
-0.00803837
-0.00842921
-0.00887953
-0.00939887
-0.0100655
-0.0107929
-0.0113655
-0.0118868
-0.0124496
-0.0130206
-0.013545
-0.0139358
-0.0142009
-0.0143193
-0.0144462
-0.0146373
-0.0146517
-0.0146271
-0.0146215
-0.0144942
-0.0145986
-0.0149481
-0.0151016
-0.0151841
-0.0154266
-0.0156851
-0.0159284
-0.0161912
-0.0163983
-0.0166049
-0.016888
-0.0171328
-0.0173055
-0.0175381
-0.0178009
-0.0180014
-0.0182221
-0.0184906
-0.0187094
-0.0189193
-0.0191815
-0.0194187
-0.0196116
-0.0198501
-0.020124
-0.0203614
-0.0205818
-0.0208318
-0.0210976
-0.0213506
-0.0216052
-0.0218718
-0.0221488
-0.0224284
-0.0227144
-0.0230079
-0.0233076
-0.0236142
-0.0239258
-0.0242449
-0.0245696
-0.024901
-0.0252397
-0.0255842
-0.0259375
-0.0262963
-0.0266637
-0.0270378
-0.0274187
-0.0278077
-0.028203
-0.028605
-0.029016
-0.0294301
-0.0298552
-0.0302827
-0.0307167
-0.0311558
-0.0315934
-0.0320294
-0.0324548
-0.03285
-0.0331911
-0.00465221
-0.00503107
-0.0051405
-0.00490912
-0.00442074
-0.00385249
-0.00337655
-0.00314084
-0.00326257
-0.00369934
-0.0043053
-0.00496709
-0.00565166
-0.00632279
-0.00690764
-0.00733913
-0.00767517
-0.00807359
-0.00849262
-0.00886375
-0.00935528
-0.0100583
-0.0107247
-0.0112344
-0.0117984
-0.0123902
-0.0129005
-0.0133723
-0.0137749
-0.0140726
-0.0142175
-0.0143431
-0.0145384
-0.0145913
-0.0145839
-0.0145866
-0.0144873
-0.0145973
-0.0149376
-0.0150887
-0.0151637
-0.0154086
-0.0156846
-0.0159352
-0.016187
-0.0163808
-0.0165854
-0.0168716
-0.0171137
-0.0172833
-0.0175197
-0.0177874
-0.0179881
-0.0182067
-0.0184762
-0.0186985
-0.0189082
-0.0191689
-0.0194092
-0.0196064
-0.0198444
-0.0201162
-0.0203547
-0.0205773
-0.0208276
-0.0210931
-0.0213469
-0.0216024
-0.0218695
-0.0221467
-0.0224266
-0.022713
-0.0230069
-0.023307
-0.0236139
-0.0239256
-0.0242448
-0.0245694
-0.0249008
-0.0252396
-0.0255842
-0.0259376
-0.0262965
-0.0266638
-0.027038
-0.0274188
-0.0278078
-0.0282031
-0.0286051
-0.0290161
-0.0294303
-0.0298553
-0.030283
-0.030717
-0.0311565
-0.0315943
-0.0320311
-0.0324569
-0.0328537
-0.0331964
-0.00549625
-0.00560591
-0.0053523
-0.00487791
-0.0043062
-0.00372423
-0.00324358
-0.00305682
-0.00325625
-0.00373607
-0.00434593
-0.00502635
-0.00577453
-0.00647459
-0.00700218
-0.00736154
-0.0076731
-0.00809613
-0.00851435
-0.00882904
-0.00932018
-0.0100534
-0.0106801
-0.0111519
-0.0117292
-0.0123127
-0.0127523
-0.013176
-0.0136051
-0.0139425
-0.0141118
-0.0142358
-0.0144335
-0.0145317
-0.0145457
-0.0145489
-0.0144821
-0.0146013
-0.0149204
-0.0150686
-0.0151473
-0.0153984
-0.0156869
-0.0159351
-0.0161729
-0.0163583
-0.01656
-0.0168467
-0.0170923
-0.0172647
-0.0175021
-0.0177724
-0.0179756
-0.0181937
-0.0184635
-0.0186885
-0.0188981
-0.0191569
-0.0193997
-0.0196003
-0.019837
-0.0201064
-0.0203463
-0.0205714
-0.0208223
-0.0210877
-0.0213425
-0.0215993
-0.0218671
-0.0221449
-0.0224254
-0.0227124
-0.0230065
-0.0233065
-0.0236132
-0.0239249
-0.0242441
-0.024569
-0.0249006
-0.0252396
-0.0255843
-0.0259377
-0.0262966
-0.0266639
-0.0270381
-0.0274189
-0.027808
-0.0282031
-0.0286053
-0.0290162
-0.0294305
-0.0298555
-0.0302834
-0.0307174
-0.0311573
-0.0315952
-0.0320329
-0.0324592
-0.0328574
-0.0332018
-0.00620957
-0.00605992
-0.00547467
-0.00475386
-0.00405583
-0.00345913
-0.00305874
-0.00300092
-0.00329437
-0.00380629
-0.00443489
-0.00515471
-0.00592852
-0.00659727
-0.00704588
-0.00735299
-0.00767777
-0.00811212
-0.00850711
-0.00881305
-0.00932612
-0.0100554
-0.0106532
-0.0111027
-0.0116273
-0.0121543
-0.0125787
-0.0130125
-0.0134627
-0.0138164
-0.0140039
-0.0141334
-0.0143312
-0.0144651
-0.0144966
-0.0145006
-0.0144734
-0.0146065
-0.0149045
-0.0150561
-0.0151396
-0.0153865
-0.0156759
-0.0159126
-0.0161422
-0.0163377
-0.0165417
-0.0168221
-0.0170727
-0.0172513
-0.017486
-0.0177569
-0.0179656
-0.0181836
-0.0184507
-0.0186767
-0.0188859
-0.0191423
-0.0193869
-0.0195911
-0.0198271
-0.0200951
-0.0203373
-0.0205656
-0.0208173
-0.0210828
-0.0213388
-0.021597
-0.0218656
-0.0221436
-0.0224242
-0.022711
-0.023005
-0.023305
-0.0236121
-0.0239242
-0.0242438
-0.0245688
-0.0249006
-0.0252396
-0.0255843
-0.0259378
-0.0262967
-0.026664
-0.0270383
-0.027419
-0.0278081
-0.0282032
-0.0286054
-0.0290163
-0.0294307
-0.0298557
-0.0302838
-0.0307179
-0.0311582
-0.0315963
-0.0320347
-0.0324617
-0.0328612
-0.0332073
-0.00666573
-0.00634997
-0.0055364
-0.00459098
-0.00372816
-0.00311303
-0.00285779
-0.00298182
-0.00338051
-0.00392651
-0.0045959
-0.00534938
-0.00608019
-0.00665433
-0.00701888
-0.00732989
-0.00772277
-0.0081546
-0.00850598
-0.00882402
-0.00935124
-0.0100316
-0.0105964
-0.0110492
-0.0114994
-0.0119584
-0.0124367
-0.0129217
-0.0133466
-0.0136733
-0.0138778
-0.0140183
-0.0142128
-0.0143865
-0.0144442
-0.0144491
-0.0144695
-0.0146245
-0.0148908
-0.0150375
-0.0151214
-0.0153564
-0.0156494
-0.0158823
-0.01611
-0.0163289
-0.0165393
-0.0168005
-0.017049
-0.017239
-0.0174735
-0.0177423
-0.0179542
-0.0181698
-0.0184323
-0.0186596
-0.0188698
-0.0191247
-0.0193721
-0.0195815
-0.0198183
-0.0200854
-0.02033
-0.020561
-0.020813
-0.0210781
-0.0213349
-0.021594
-0.0218628
-0.0221406
-0.0224214
-0.0227088
-0.0230035
-0.0233042
-0.0236117
-0.0239239
-0.0242435
-0.0245685
-0.0249004
-0.0252394
-0.0255843
-0.0259378
-0.0262969
-0.0266642
-0.0270384
-0.0274191
-0.0278082
-0.0282033
-0.0286056
-0.0290164
-0.029431
-0.0298559
-0.0302843
-0.0307184
-0.0311591
-0.0315976
-0.0320367
-0.0324644
-0.0328651
-0.0332129
-0.00684272
-0.00644284
-0.00549857
-0.00438749
-0.00340126
-0.00280544
-0.00272075
-0.0030327
-0.00354008
-0.00412992
-0.00482428
-0.00555355
-0.0061828
-0.00664935
-0.00697277
-0.00734455
-0.0078125
-0.00821186
-0.00850352
-0.00882624
-0.00934978
-0.00996972
-0.0105152
-0.0110041
-0.0114078
-0.011803
-0.0123222
-0.0128365
-0.0132108
-0.0134978
-0.013726
-0.0138919
-0.0140949
-0.0143224
-0.0144105
-0.0143981
-0.0144584
-0.0146401
-0.0148614
-0.0149961
-0.0150931
-0.0153244
-0.0156273
-0.0158598
-0.0160797
-0.016325
-0.0165496
-0.0167831
-0.0170189
-0.0172233
-0.0174601
-0.0177214
-0.0179333
-0.018149
-0.0184106
-0.0186414
-0.0188543
-0.0191088
-0.0193602
-0.0195751
-0.0198119
-0.0200765
-0.020322
-0.0205549
-0.0208068
-0.0210714
-0.0213289
-0.0215892
-0.0218588
-0.0221376
-0.0224196
-0.022708
-0.023003
-0.0233035
-0.0236107
-0.0239229
-0.0242426
-0.024568
-0.0249001
-0.0252394
-0.0255844
-0.0259379
-0.026297
-0.0266643
-0.0270385
-0.0274192
-0.0278084
-0.0282034
-0.0286058
-0.0290166
-0.0294312
-0.0298562
-0.0302848
-0.0307191
-0.0311601
-0.031599
-0.0320389
-0.0324672
-0.0328691
-0.0332185
-0.00680049
-0.0063341
-0.00533612
-0.00418189
-0.00320319
-0.00268507
-0.0027309
-0.00317015
-0.00376025
-0.00438723
-0.00505261
-0.00569499
-0.00622293
-0.00663619
-0.00698802
-0.00741451
-0.00788418
-0.00822268
-0.00847785
-0.00881565
-0.00932712
-0.0099062
-0.0104584
-0.0109865
-0.0113611
-0.0116787
-0.0121665
-0.0126891
-0.0130662
-0.0133397
-0.0135791
-0.013782
-0.0140024
-0.0142616
-0.0143695
-0.0143331
-0.0144193
-0.0146357
-0.0148251
-0.0149499
-0.0150695
-0.015304
-0.0156132
-0.0158422
-0.0160521
-0.0163234
-0.0165638
-0.016763
-0.016976
-0.0171937
-0.0174378
-0.0176956
-0.0179109
-0.0181303
-0.0183923
-0.0186273
-0.018843
-0.0190966
-0.01935
-0.019568
-0.0198024
-0.0200635
-0.02031
-0.020546
-0.0207989
-0.0210639
-0.0213232
-0.0215857
-0.0218569
-0.0221363
-0.0224184
-0.0227063
-0.0230009
-0.0233015
-0.0236092
-0.023922
-0.0242422
-0.0245677
-0.0249
-0.0252393
-0.0255844
-0.0259379
-0.0262971
-0.0266644
-0.0270387
-0.0274193
-0.0278085
-0.0282036
-0.028606
-0.0290168
-0.0294315
-0.0298566
-0.0302854
-0.0307198
-0.0311613
-0.0316005
-0.0320411
-0.0324702
-0.0328732
-0.0332242
-0.00659559
-0.00603161
-0.00505373
-0.00401336
-0.00318525
-0.00277934
-0.00287863
-0.0033598
-0.00399503
-0.00464561
-0.00524767
-0.0057858
-0.00625329
-0.00667257
-0.00707957
-0.0074875
-0.00786455
-0.00816053
-0.00845595
-0.00884308
-0.0093271
-0.00987128
-0.0104442
-0.0109769
-0.0112972
-0.0115296
-0.0119702
-0.0125269
-0.0129646
-0.0132311
-0.0134361
-0.0136662
-0.0139098
-0.014166
-0.0142967
-0.0142717
-0.0143723
-0.0146201
-0.0148008
-0.0149112
-0.0150455
-0.0152918
-0.0156079
-0.0158314
-0.016027
-0.0163086
-0.0165551
-0.0167283
-0.0169288
-0.0171617
-0.0174145
-0.0176744
-0.0178971
-0.0181183
-0.0183779
-0.0186155
-0.0188321
-0.0190811
-0.0193335
-0.0195541
-0.0197878
-0.0200479
-0.0202981
-0.0205387
-0.0207932
-0.0210587
-0.0213195
-0.0215832
-0.021854
-0.0221326
-0.0224145
-0.0227031
-0.0229989
-0.0233004
-0.0236086
-0.0239214
-0.0242416
-0.0245672
-0.0248996
-0.025239
-0.0255843
-0.025938
-0.0262972
-0.0266645
-0.0270388
-0.0274195
-0.0278087
-0.0282037
-0.0286061
-0.029017
-0.0294319
-0.029857
-0.030286
-0.0307207
-0.0311625
-0.0316021
-0.0320435
-0.0324734
-0.0328774
-0.0332298
-0.00618988
-0.00555125
-0.00470095
-0.00391647
-0.00333206
-0.00305066
-0.00315607
-0.00362368
-0.00427152
-0.00492099
-0.00544456
-0.00587189
-0.00628879
-0.00672186
-0.0071614
-0.00750444
-0.00777817
-0.00810085
-0.00850215
-0.00893699
-0.00935362
-0.00984295
-0.0104365
-0.0109257
-0.0111542
-0.0113568
-0.0118262
-0.0124218
-0.0128785
-0.0131197
-0.0132741
-0.0135216
-0.0138114
-0.0140628
-0.0142164
-0.0142356
-0.0143383
-0.014587
-0.0147667
-0.0148711
-0.0150266
-0.0152947
-0.0156096
-0.015813
-0.0159828
-0.0162634
-0.0165244
-0.016699
-0.0169013
-0.0171406
-0.017392
-0.0176565
-0.0178913
-0.0181102
-0.0183587
-0.0185949
-0.0188122
-0.0190574
-0.0193114
-0.0195394
-0.0197767
-0.0200371
-0.0202901
-0.0205337
-0.0207882
-0.0210525
-0.0213128
-0.0215766
-0.021848
-0.0221281
-0.0224119
-0.0227019
-0.022998
-0.0232993
-0.0236073
-0.0239201
-0.0242406
-0.0245665
-0.0248992
-0.0252389
-0.0255843
-0.025938
-0.0262973
-0.0266646
-0.0270389
-0.0274196
-0.0278088
-0.0282039
-0.0286064
-0.0290172
-0.0294322
-0.0298575
-0.0302867
-0.0307216
-0.0311638
-0.031604
-0.032046
-0.0324768
-0.0328816
-0.0332355
-0.00569114
-0.00511958
-0.0044958
-0.00399834
-0.0036386
-0.00345478
-0.00355034
-0.0039752
-0.00459771
-0.00519645
-0.00561269
-0.00591366
-0.00626534
-0.00671035
-0.00718097
-0.00750879
-0.00776227
-0.008145
-0.00860569
-0.00901012
-0.00933338
-0.00978266
-0.0103998
-0.010824
-0.0109806
-0.011246
-0.0117869
-0.0123454
-0.0127339
-0.0129674
-0.0131252
-0.0133851
-0.0137252
-0.0139802
-0.0141295
-0.0141921
-0.0142997
-0.0145257
-0.0147149
-0.0148505
-0.0150387
-0.0153032
-0.0155824
-0.0157621
-0.0159236
-0.0162137
-0.0164997
-0.016687
-0.0168913
-0.0171299
-0.0173712
-0.0176333
-0.0178782
-0.0180932
-0.0183273
-0.0185632
-0.0187887
-0.0190372
-0.0192966
-0.0195324
-0.0197706
-0.0200273
-0.0202797
-0.0205245
-0.0207782
-0.0210415
-0.0213037
-0.0215709
-0.0218452
-0.0221265
-0.0224103
-0.0226996
-0.0229954
-0.0232969
-0.0236055
-0.023919
-0.0242399
-0.024566
-0.0248988
-0.0252386
-0.0255841
-0.025938
-0.0262973
-0.0266647
-0.0270391
-0.0274198
-0.027809
-0.0282041
-0.0286066
-0.0290175
-0.0294326
-0.029858
-0.0302874
-0.0307226
-0.0311652
-0.0316059
-0.0320486
-0.0324802
-0.032886
-0.0332412
-0.00543602
-0.00502726
-0.00456769
-0.00420111
-0.00393757
-0.00381669
-0.00393703
-0.00434207
-0.00491623
-0.0054146
-0.00570028
-0.00588924
-0.006193
-0.00666979
-0.00719316
-0.00758679
-0.00789468
-0.00826665
-0.00864736
-0.00895244
-0.00925166
-0.00975312
-0.010379
-0.0107343
-0.0108843
-0.0112129
-0.0117324
-0.0122
-0.0125497
-0.0128306
-0.0130275
-0.0132701
-0.0136221
-0.0138899
-0.0140264
-0.0141248
-0.0142607
-0.0144725
-0.014677
-0.0148525
-0.0150517
-0.0152738
-0.0155067
-0.0156998
-0.015891
-0.0161865
-0.0164833
-0.016684
-0.0168884
-0.0171191
-0.0173402
-0.0175875
-0.0178438
-0.0180706
-0.0183004
-0.0185379
-0.0187744
-0.0190279
-0.0192874
-0.0195233
-0.0197578
-0.0200097
-0.0202626
-0.0205112
-0.0207678
-0.0210339
-0.0212995
-0.0215686
-0.0218421
-0.0221219
-0.0224055
-0.0226958
-0.0229929
-0.0232954
-0.0236044
-0.023918
-0.0242389
-0.0245652
-0.0248983
-0.0252383
-0.0255839
-0.0259379
-0.0262973
-0.0266648
-0.0270392
-0.0274199
-0.0278091
-0.0282043
-0.0286068
-0.0290178
-0.0294331
-0.0298586
-0.0302882
-0.0307238
-0.0311668
-0.031608
-0.0320514
-0.0324838
-0.0328905
-0.0332468
-0.00547655
-0.00514071
-0.00467106
-0.00428032
-0.004068
-0.00407467
-0.0043134
-0.00473877
-0.00522085
-0.00556419
-0.00572408
-0.00585881
-0.00615823
-0.00666682
-0.00723917
-0.00772985
-0.00809544
-0.00835838
-0.00857747
-0.00882931
-0.00922952
-0.00982274
-0.0103642
-0.0106362
-0.0108312
-0.0111493
-0.0115702
-0.012031
-0.0124481
-0.0127576
-0.012942
-0.0131402
-0.0134766
-0.0137829
-0.0139488
-0.0140743
-0.0142259
-0.0144215
-0.0146325
-0.0148359
-0.0150326
-0.0152154
-0.015427
-0.0156661
-0.0159012
-0.0161788
-0.0164591
-0.0166686
-0.0168676
-0.0170846
-0.0172953
-0.017537
-0.017809
-0.0180591
-0.0182931
-0.0185258
-0.0187616
-0.0190123
-0.0192672
-0.0195025
-0.0197374
-0.0199901
-0.0202483
-0.0205041
-0.020764
-0.0210292
-0.0212929
-0.0215608
-0.0218345
-0.0221161
-0.0224019
-0.0226937
-0.0229912
-0.0232935
-0.0236025
-0.0239164
-0.0242377
-0.0245644
-0.0248977
-0.0252379
-0.0255837
-0.0259378
-0.0262973
-0.0266649
-0.0270393
-0.02742
-0.0278093
-0.0282045
-0.0286071
-0.0290182
-0.0294336
-0.0298593
-0.0302891
-0.030725
-0.0311685
-0.0316103
-0.0320543
-0.0324875
-0.032895
-0.0332523
-0.00547748
-0.00514851
-0.00467958
-0.00434637
-0.00428076
-0.00445736
-0.00476949
-0.00510841
-0.00539298
-0.00557205
-0.00569884
-0.00588325
-0.00621573
-0.00671996
-0.0073087
-0.00786736
-0.00823955
-0.00837864
-0.00849425
-0.00878743
-0.00929881
-0.00986177
-0.0102373
-0.0104971
-0.0108003
-0.0110873
-0.0114365
-0.0119546
-0.0124115
-0.0126558
-0.0128094
-0.0130096
-0.0133287
-0.0136758
-0.0139068
-0.0140351
-0.0141519
-0.0143313
-0.0145812
-0.0148327
-0.0150125
-0.0151478
-0.015366
-0.0156702
-0.0159327
-0.0161562
-0.0163951
-0.0166198
-0.0168301
-0.0170464
-0.0172665
-0.0175119
-0.0177865
-0.0180512
-0.0182908
-0.0185099
-0.0187309
-0.0189778
-0.0192393
-0.0194843
-0.0197248
-0.0199799
-0.0202412
-0.0204982
-0.0207546
-0.0210161
-0.0212807
-0.0215528
-0.0218301
-0.0221133
-0.0223991
-0.0226906
-0.0229879
-0.0232908
-0.0236005
-0.023915
-0.0242366
-0.0245636
-0.024897
-0.0252375
-0.0255834
-0.0259377
-0.0262973
-0.0266649
-0.0270394
-0.0274201
-0.0278095
-0.0282047
-0.0286074
-0.0290186
-0.0294341
-0.02986
-0.0302901
-0.0307264
-0.0311702
-0.0316127
-0.0320574
-0.0324914
-0.0328995
-0.0332578
-0.00533828
-0.00516117
-0.00489367
-0.00474028
-0.00475983
-0.0048813
-0.00501237
-0.00512335
-0.00525571
-0.00545945
-0.0057455
-0.00606082
-0.00640052
-0.00683197
-0.00736917
-0.00791124
-0.00825244
-0.00837541
-0.0085259
-0.00886834
-0.00934
-0.00974096
-0.0100513
-0.0104576
-0.0108762
-0.0111071
-0.0113623
-0.011845
-0.0122797
-0.0125024
-0.0126985
-0.0129294
-0.0131977
-0.0135481
-0.0138524
-0.0139929
-0.0140678
-0.0142437
-0.0145572
-0.0148489
-0.0149684
-0.0150546
-0.0153353
-0.0157083
-0.0159366
-0.0160804
-0.0163046
-0.016574
-0.0168103
-0.0170278
-0.0172574
-0.0175054
-0.0177652
-0.018022
-0.0182641
-0.0184798
-0.0186945
-0.0189461
-0.0192231
-0.0194806
-0.0197207
-0.0199679
-0.0202239
-0.0204805
-0.0207392
-0.0210051
-0.0212745
-0.0215491
-0.021826
-0.0221079
-0.0223937
-0.0226862
-0.0229848
-0.0232885
-0.0235986
-0.0239134
-0.0242352
-0.0245625
-0.0248962
-0.0252369
-0.0255831
-0.0259375
-0.0262972
-0.0266649
-0.0270394
-0.0274203
-0.0278097
-0.0282049
-0.0286078
-0.029019
-0.0294347
-0.0298608
-0.0302912
-0.0307279
-0.0311721
-0.0316152
-0.0320606
-0.0324953
-0.0329041
-0.0332632
-0.00527875
-0.00538593
-0.00535017
-0.00523733
-0.00507598
-0.00489774
-0.00478051
-0.00482286
-0.00509084
-0.00554687
-0.00603754
-0.00639983
-0.00664983
-0.00694329
-0.00735974
-0.0078247
-0.00819529
-0.00846743
-0.0087262
-0.00899892
-0.00926162
-0.00952556
-0.00996231
-0.010557
-0.0109632
-0.0110893
-0.0112422
-0.0116323
-0.0120945
-0.0124366
-0.0126867
-0.0128561
-0.0130401
-0.0134092
-0.0138034
-0.0139746
-0.0140089
-0.0141584
-0.014504
-0.0148236
-0.0149137
-0.0149974
-0.0153413
-0.0157261
-0.0158781
-0.0159765
-0.016241
-0.0165632
-0.0168096
-0.0170189
-0.0172479
-0.0174876
-0.0177221
-0.0179634
-0.0182209
-0.0184627
-0.0186856
-0.0189323
-0.01921
-0.0194704
-0.0197035
-0.0199412
-0.0201997
-0.0204676
-0.020734
-0.0210002
-0.0212673
-0.0215405
-0.0218177
-0.0221013
-0.0223891
-0.0226829
-0.022982
-0.0232859
-0.0235962
-0.0239114
-0.0242337
-0.0245613
-0.0248954
-0.0252363
-0.0255826
-0.0259372
-0.0262971
-0.0266648
-0.0270395
-0.0274204
-0.0278099
-0.0282052
-0.0286081
-0.0290195
-0.0294353
-0.0298617
-0.0302923
-0.0307294
-0.0311742
-0.0316178
-0.0320638
-0.0324992
-0.0329087
-0.0332686
-0.00533496
-0.00562251
-0.00562415
-0.00536875
-0.00497846
-0.00464191
-0.00454338
-0.00477314
-0.00527832
-0.00589003
-0.00639295
-0.00668167
-0.00683563
-0.00701487
-0.00731651
-0.00773437
-0.00821426
-0.00865061
-0.00891358
-0.00900587
-0.00908788
-0.00938725
-0.0100036
-0.0106332
-0.0109347
-0.0110228
-0.0111625
-0.0114915
-0.0119811
-0.0124133
-0.0126455
-0.0127472
-0.0129205
-0.0133084
-0.0137362
-0.0139303
-0.013939
-0.0140659
-0.0144359
-0.014791
-0.0149029
-0.0149919
-0.0153135
-0.0156594
-0.0157914
-0.0159169
-0.0162357
-0.0165785
-0.0168001
-0.0169851
-0.0172061
-0.0174397
-0.0176721
-0.017922
-0.0182003
-0.0184657
-0.0186895
-0.0189114
-0.0191719
-0.0194383
-0.0196825
-0.0199256
-0.0201895
-0.0204618
-0.020726
-0.0209874
-0.0212539
-0.0215308
-0.0218116
-0.0220968
-0.0223848
-0.0226787
-0.0229781
-0.0232827
-0.0235937
-0.0239094
-0.0242321
-0.02456
-0.0248944
-0.0252355
-0.0255821
-0.0259368
-0.0262969
-0.0266647
-0.0270395
-0.0274205
-0.02781
-0.0282054
-0.0286085
-0.02902
-0.029436
-0.0298626
-0.0302936
-0.0307311
-0.0311763
-0.0316205
-0.0320672
-0.0325032
-0.0329133
-0.0332738
-0.00538833
-0.00564836
-0.00556576
-0.00523333
-0.00484877
-0.00461991
-0.0046735
-0.00502107
-0.00555047
-0.00611195
-0.00656036
-0.00684377
-0.006998
-0.00711174
-0.00732738
-0.00772468
-0.0082612
-0.00871674
-0.00890489
-0.00892879
-0.00905443
-0.00949269
-0.0101204
-0.0105959
-0.0108405
-0.0110034
-0.0111699
-0.011423
-0.0118535
-0.012303
-0.0125439
-0.0126735
-0.0128928
-0.0132349
-0.0136067
-0.013828
-0.0138888
-0.0140525
-0.014401
-0.0147135
-0.0148719
-0.0149964
-0.0152334
-0.0155412
-0.0157657
-0.0159549
-0.0162465
-0.016545
-0.0167372
-0.0169158
-0.0171547
-0.0174104
-0.0176609
-0.0179173
-0.0181856
-0.0184438
-0.0186655
-0.0188742
-0.0191282
-0.0194154
-0.0196823
-0.0199236
-0.0201741
-0.0204415
-0.0207092
-0.0209751
-0.0212452
-0.0215244
-0.0218056
-0.0220905
-0.0223787
-0.0226738
-0.0229743
-0.0232796
-0.023591
-0.0239072
-0.0242303
-0.0245586
-0.0248933
-0.0252347
-0.0255816
-0.0259364
-0.0262967
-0.0266646
-0.0270395
-0.0274205
-0.0278102
-0.0282057
-0.0286088
-0.0290206
-0.0294367
-0.0298636
-0.0302949
-0.0307328
-0.0311785
-0.0316233
-0.0320706
-0.0325073
-0.0329179
-0.033279
-0.0053683
-0.00544231
-0.00526855
-0.00498635
-0.00475482
-0.00468834
-0.00483484
-0.00519
-0.00569007
-0.00623541
-0.00670397
-0.00701511
-0.0071502
-0.00720834
-0.00739132
-0.00777888
-0.00827934
-0.00868452
-0.00889565
-0.00904334
-0.00928225
-0.00967606
-0.0100946
-0.0104362
-0.0107622
-0.0110113
-0.0111436
-0.011325
-0.0117189
-0.0122051
-0.0125077
-0.0126764
-0.0128829
-0.0131346
-0.0134504
-0.0137264
-0.0138775
-0.0140674
-0.0143265
-0.0145759
-0.0148356
-0.0150244
-0.0151638
-0.015455
-0.0158004
-0.0159987
-0.0161783
-0.0164378
-0.0166692
-0.0168817
-0.0171461
-0.0174164
-0.0176594
-0.0178954
-0.0181372
-0.0183858
-0.0186311
-0.0188638
-0.0191182
-0.0194022
-0.0196702
-0.0199048
-0.020148
-0.0204212
-0.0206997
-0.0209691
-0.0212367
-0.0215146
-0.0217968
-0.0220835
-0.0223731
-0.0226692
-0.0229703
-0.0232761
-0.0235881
-0.0239047
-0.0242283
-0.0245569
-0.024892
-0.0252337
-0.0255809
-0.0259359
-0.0262963
-0.0266644
-0.0270394
-0.0274206
-0.0278103
-0.028206
-0.0286092
-0.0290212
-0.0294375
-0.0298647
-0.0302963
-0.0307346
-0.0311808
-0.0316261
-0.032074
-0.0325113
-0.0329224
-0.033284
-0.00506197
-0.00488859
-0.0046665
-0.00452613
-0.00453321
-0.00470443
-0.00502955
-0.00547726
-0.00599084
-0.0064758
-0.006853
-0.0070875
-0.00721424
-0.00735317
-0.00760995
-0.00797478
-0.00835474
-0.00867779
-0.00894826
-0.00920207
-0.00945324
-0.00969913
-0.00995617
-0.0103141
-0.0107325
-0.0109874
-0.0111076
-0.011334
-0.0117312
-0.0121603
-0.0124573
-0.012652
-0.0128302
-0.0130161
-0.0132952
-0.0136227
-0.0138771
-0.0140806
-0.0142495
-0.0144752
-0.0148156
-0.0150338
-0.0151194
-0.015403
-0.0157929
-0.0159676
-0.016079
-0.0163553
-0.0166616
-0.0168987
-0.0171456
-0.0173957
-0.017615
-0.0178376
-0.0180855
-0.0183531
-0.0186284
-0.0188749
-0.0191041
-0.0193605
-0.0196352
-0.0198895
-0.0201385
-0.0204096
-0.020688
-0.0209575
-0.0212246
-0.0215039
-0.0217889
-0.0220773
-0.0223675
-0.022664
-0.0229658
-0.0232724
-0.023585
-0.0239021
-0.0242262
-0.0245552
-0.0248907
-0.0252326
-0.0255801
-0.0259353
-0.0262959
-0.0266642
-0.0270393
-0.0274207
-0.0278104
-0.0282063
-0.0286096
-0.0290217
-0.0294384
-0.0298658
-0.0302977
-0.0307365
-0.0311832
-0.031629
-0.0320775
-0.0325153
-0.0329269
-0.0332888
-0.00452615
-0.00430224
-0.00422103
-0.00435058
-0.00465512
-0.00506187
-0.00549479
-0.00589642
-0.00624325
-0.00653405
-0.00681538
-0.00710627
-0.00740642
-0.00769773
-0.00792712
-0.00810651
-0.0082931
-0.00857177
-0.00894825
-0.00930539
-0.00956523
-0.00974761
-0.0099876
-0.0103438
-0.0106715
-0.0109134
-0.0111841
-0.0115081
-0.0117757
-0.011996
-0.0122765
-0.0125766
-0.0127948
-0.0129635
-0.0131999
-0.0135492
-0.0138989
-0.0140942
-0.0141823
-0.0143948
-0.0147428
-0.0149849
-0.0151288
-0.0153945
-0.0157092
-0.0158828
-0.0160434
-0.0163525
-0.0166751
-0.016892
-0.0170931
-0.0173251
-0.0175584
-0.0178098
-0.018086
-0.0183535
-0.018608
-0.0188437
-0.0190699
-0.0193271
-0.0196167
-0.0198862
-0.0201309
-0.0203903
-0.0206687
-0.0209451
-0.0212156
-0.0214951
-0.0217806
-0.02207
-0.022361
-0.0226583
-0.0229611
-0.0232684
-0.0235816
-0.0238993
-0.0242238
-0.0245533
-0.0248892
-0.0252314
-0.0255792
-0.0259346
-0.0262954
-0.0266639
-0.0270391
-0.0274207
-0.0278105
-0.0282066
-0.0286101
-0.0290223
-0.0294392
-0.0298669
-0.0302992
-0.0307384
-0.0311855
-0.0316319
-0.0320809
-0.0325192
-0.0329312
-0.0332935
-0.0046079
-0.00460836
-0.00471369
-0.00492651
-0.00519178
-0.00544776
-0.00566104
-0.00584772
-0.0060713
-0.00640839
-0.00686573
-0.00734886
-0.00773955
-0.00793671
-0.0079665
-0.00800676
-0.00821975
-0.00865948
-0.00917251
-0.00954949
-0.00974793
-0.00984677
-0.0100085
-0.0102783
-0.0106028
-0.011
-0.011351
-0.0115071
-0.0115837
-0.0118347
-0.0122755
-0.0126116
-0.0127538
-0.0129085
-0.0131831
-0.0135607
-0.0138745
-0.0139764
-0.0140756
-0.014368
-0.0147078
-0.0149638
-0.0151598
-0.0153399
-0.0155658
-0.0158442
-0.0161115
-0.0163653
-0.0166113
-0.0168162
-0.0170231
-0.0172836
-0.0175628
-0.0178263
-0.0180753
-0.0183073
-0.0185489
-0.0188102
-0.019067
-0.0193218
-0.0195957
-0.0198648
-0.0201145
-0.0203738
-0.0206537
-0.020935
-0.0212071
-0.0214854
-0.0217712
-0.0220624
-0.0223548
-0.0226528
-0.0229562
-0.0232642
-0.023578
-0.0238962
-0.0242213
-0.0245512
-0.0248875
-0.0252301
-0.0255781
-0.0259339
-0.0262948
-0.0266636
-0.0270389
-0.0274206
-0.0278106
-0.0282068
-0.0286105
-0.0290229
-0.0294401
-0.029868
-0.0303007
-0.0307403
-0.0311879
-0.0316347
-0.0320842
-0.032523
-0.0329354
-0.033298
-0.00564855
-0.00569907
-0.00560138
-0.00545268
-0.00533362
-0.0053022
-0.00540288
-0.00566831
-0.0061066
-0.0066572
-0.00719127
-0.00759908
-0.00782519
-0.0079193
-0.00802851
-0.00826754
-0.00864843
-0.00905265
-0.00934971
-0.00953865
-0.00967441
-0.00983102
-0.0100516
-0.010318
-0.0106791
-0.0110807
-0.0113072
-0.0114025
-0.0116093
-0.011959
-0.0122845
-0.0124879
-0.01268
-0.0129416
-0.013218
-0.0135002
-0.0137227
-0.0138685
-0.0141062
-0.0144173
-0.0146644
-0.0149013
-0.0151159
-0.0152684
-0.0155244
-0.0158924
-0.0161419
-0.0162797
-0.0164912
-0.0167686
-0.0170365
-0.0173058
-0.0175619
-0.0177824
-0.0180089
-0.018263
-0.0185347
-0.0188071
-0.0190605
-0.0192998
-0.0195617
-0.0198399
-0.0201046
-0.0203645
-0.0206389
-0.0209209
-0.0211966
-0.021476
-0.0217623
-0.0220549
-0.0223486
-0.0226473
-0.0229513
-0.02326
-0.0235745
-0.0238932
-0.0242188
-0.024549
-0.0248857
-0.0252286
-0.0255769
-0.025933
-0.0262941
-0.0266631
-0.0270385
-0.0274205
-0.0278107
-0.0282069
-0.0286109
-0.0290235
-0.0294409
-0.0298692
-0.0303021
-0.0307421
-0.0311901
-0.0316375
-0.0320874
-0.0325266
-0.0329393
-0.0333022
-0.00637633
-0.00626099
-0.00592915
-0.00560355
-0.00545141
-0.0055485
-0.00588097
-0.00636381
-0.00686598
-0.00727321
-0.00754895
-0.00773721
-0.00791567
-0.00815324
-0.00844486
-0.00872521
-0.00893766
-0.00908105
-0.00923761
-0.00944559
-0.00967978
-0.00993172
-0.0101965
-0.0105286
-0.0108825
-0.0110798
-0.011187
-0.0114138
-0.0117295
-0.0119802
-0.0121633
-0.0123968
-0.0126945
-0.012973
-0.0132256
-0.0134473
-0.0136149
-0.0138361
-0.0141443
-0.0143925
-0.0145932
-0.0148504
-0.0150777
-0.0152675
-0.0155579
-0.0158675
-0.0160367
-0.0161883
-0.0164829
-0.0168164
-0.0170592
-0.0172587
-0.0174832
-0.0177306
-0.0179995
-0.0182724
-0.0185278
-0.018775
-0.0190278
-0.0192808
-0.0195458
-0.0198233
-0.0200921
-0.0203524
-0.0206232
-0.0209062
-0.0211861
-0.0214672
-0.0217532
-0.0220465
-0.0223416
-0.0226412
-0.0229459
-0.0232554
-0.0235707
-0.02389
-0.0242161
-0.0245468
-0.0248839
-0.0252272
-0.0255758
-0.0259321
-0.0262935
-0.0266626
-0.0270382
-0.0274203
-0.0278107
-0.0282071
-0.0286112
-0.029024
-0.0294417
-0.0298702
-0.0303034
-0.0307439
-0.0311923
-0.03164
-0.0320904
-0.03253
-0.032943
-0.0333061
-0.00586413
-0.00617069
-0.00642355
-0.00667125
-0.00693648
-0.00720936
-0.00745798
-0.00764175
-0.007751
-0.00782388
-0.00791696
-0.00806514
-0.00826149
-0.0084692
-0.00865089
-0.00881013
-0.00898742
-0.00921273
-0.00946499
-0.00969812
-0.00991993
-0.0101632
-0.0104338
-0.0106805
-0.0108246
-0.0109625
-0.0112248
-0.0114962
-0.0116848
-0.0118944
-0.0121965
-0.0125267
-0.012778
-0.0129618
-0.0131305
-0.0132855
-0.0135343
-0.0139105
-0.0142024
-0.0143574
-0.0145418
-0.0147787
-0.015025
-0.0153096
-0.0155699
-0.0157424
-0.0159379
-0.0162424
-0.0165583
-0.0167819
-0.0169587
-0.0171869
-0.0174742
-0.0177534
-0.0180024
-0.0182415
-0.0184875
-0.0187458
-0.0190147
-0.0192761
-0.0195345
-0.0198032
-0.0200753
-0.0203422
-0.0206129
-0.0208944
-0.0211763
-0.0214591
-0.0217451
-0.0220388
-0.0223349
-0.0226354
-0.0229406
-0.0232507
-0.0235665
-0.0238864
-0.0242129
-0.0245442
-0.0248816
-0.0252254
-0.0255742
-0.0259309
-0.0262925
-0.0266619
-0.0270378
-0.02742
-0.0278106
-0.0282072
-0.0286115
-0.0290245
-0.0294423
-0.0298712
-0.0303047
-0.0307455
-0.0311942
-0.0316424
-0.0320932
-0.0325331
-0.0329464
-0.0333097
-0.00501771
-0.00627371
-0.00754105
-0.00853198
-0.00910646
-0.00925907
-0.00908205
-0.00873349
-0.00838957
-0.00818719
-0.00818955
-0.00837608
-0.00867103
-0.00897467
-0.00920849
-0.00934765
-0.00941817
-0.00949087
-0.00964336
-0.00991196
-0.0102368
-0.0104835
-0.0105748
-0.0105755
-0.0106768
-0.010989
-0.0113698
-0.0116666
-0.0118828
-0.0120368
-0.0121798
-0.0124057
-0.0126997
-0.0129491
-0.0131027
-0.0132887
-0.0136222
-0.0139504
-0.0141337
-0.0142906
-0.0145013
-0.0147445
-0.0150392
-0.0153117
-0.0154812
-0.0156821
-0.0160042
-0.0162936
-0.0164685
-0.0166573
-0.0169351
-0.0172314
-0.0174889
-0.017717
-0.0179515
-0.0182077
-0.0184756
-0.0187385
-0.0189996
-0.0192581
-0.0195179
-0.0197864
-0.0200611
-0.0203328
-0.0206039
-0.0208836
-0.0211666
-0.0214518
-0.0217387
-0.0220326
-0.0223295
-0.0226309
-0.0229366
-0.0232471
-0.0235634
-0.0238836
-0.0242105
-0.0245421
-0.0248798
-0.0252238
-0.0255729
-0.0259297
-0.0262915
-0.0266611
-0.0270372
-0.0274195
-0.0278103
-0.028207
-0.0286116
-0.0290248
-0.0294428
-0.029872
-0.0303057
-0.0307468
-0.0311959
-0.0316444
-0.0320955
-0.0325358
-0.0329493
-0.0333129
-0.00491684
-0.00644861
-0.00796982
-0.00910908
-0.00974408
-0.00992436
-0.00979896
-0.00954131
-0.00928833
-0.0091209
-0.00906452
-0.00910834
-0.0092198
-0.00935931
-0.0095009
-0.00963075
-0.00975486
-0.0098864
-0.0100233
-0.0101529
-0.010266
-0.0103953
-0.0105921
-0.0108616
-0.0111412
-0.0113335
-0.0114498
-0.0115994
-0.0118038
-0.01204
-0.0122952
-0.0125112
-0.0126802
-0.0128813
-0.0131655
-0.0134829
-0.0137049
-0.0138199
-0.0139888
-0.0142691
-0.0145638
-0.0148279
-0.0150451
-0.0152134
-0.0154381
-0.015756
-0.0160214
-0.0161848
-0.0163918
-0.0166973
-0.0169884
-0.017208
-0.0174232
-0.0176768
-0.017946
-0.0182069
-0.0184625
-0.0187165
-0.0189764
-0.0192406
-0.0195057
-0.0197732
-0.0200457
-0.0203195
-0.0205929
-0.0208724
-0.0211558
-0.0214429
-0.021731
-0.0220253
-0.022323
-0.0226254
-0.0229319
-0.023243
-0.02356
-0.0238808
-0.0242082
-0.0245402
-0.0248782
-0.0252225
-0.0255719
-0.025929
-0.026291
-0.0266607
-0.0270369
-0.0274193
-0.0278102
-0.0282071
-0.0286117
-0.0290251
-0.0294433
-0.0298726
-0.0303065
-0.0307479
-0.0311972
-0.031646
-0.0320974
-0.032538
-0.0329518
-0.0333157
-0.00559665
-0.00655493
-0.00763921
-0.00862228
-0.00939048
-0.00990746
-0.010189
-0.0102744
-0.010209
-0.0100335
-0.00978809
-0.00952171
-0.00929689
-0.00918636
-0.00924145
-0.00946639
-0.00980459
-0.0101499
-0.0104024
-0.0105182
-0.0105422
-0.0105747
-0.0106872
-0.0108882
-0.0111252
-0.0113441
-0.0115332
-0.0116938
-0.0118749
-0.012122
-0.0123666
-0.0125568
-0.0127358
-0.0129487
-0.0132165
-0.0134729
-0.0136333
-0.0138003
-0.0140751
-0.0143572
-0.0145802
-0.0147936
-0.0150062
-0.0152335
-0.0154997
-0.0157427
-0.0159404
-0.0161806
-0.0164736
-0.0167261
-0.0169292
-0.0171574
-0.0174297
-0.0176986
-0.0179456
-0.0181892
-0.0184455
-0.0187066
-0.0189692
-0.0192324
-0.0194972
-0.0197637
-0.0200349
-0.0203097
-0.0205849
-0.0208643
-0.0211471
-0.0214348
-0.0217238
-0.0220184
-0.0223164
-0.0226193
-0.0229264
-0.023238
-0.0235554
-0.0238767
-0.0242045
-0.0245369
-0.0248754
-0.0252201
-0.0255698
-0.0259272
-0.0262895
-0.0266594
-0.0270359
-0.0274186
-0.0278097
-0.0282067
-0.0286115
-0.029025
-0.0294434
-0.0298729
-0.030307
-0.0307485
-0.031198
-0.031647
-0.0320986
-0.0325395
-0.0329537
-0.0333181
-0.00672273
-0.00707154
-0.00789736
-0.00901597
-0.0100854
-0.0107895
-0.0109551
-0.0106078
-0.00994518
-0.00925143
-0.00879128
-0.00871556
-0.00901296
-0.00952134
-0.0100048
-0.0102692
-0.0102557
-0.0100748
-0.0099353
-0.0100087
-0.0103191
-0.0107229
-0.0110256
-0.0111344
-0.0111268
-0.011188
-0.0114254
-0.0117767
-0.0120749
-0.0121911
-0.0122259
-0.0124232
-0.0128212
-0.0132044
-0.0133444
-0.0132761
-0.0133728
-0.0138386
-0.0143272
-0.0145169
-0.0145564
-0.0146672
-0.014902
-0.0152562
-0.0156006
-0.0157901
-0.0159286
-0.016178
-0.0164718
-0.0167008
-0.0169187
-0.0171854
-0.0174571
-0.0176948
-0.0179292
-0.0181846
-0.0184511
-0.0187111
-0.0189688
-0.0192297
-0.0194952
-0.0197626
-0.0200335
-0.0203076
-0.020583
-0.0208624
-0.0211448
-0.0214324
-0.0217216
-0.0220162
-0.0223141
-0.0226171
-0.0229243
-0.0232359
-0.0235533
-0.0238747
-0.0242026
-0.0245351
-0.0248737
-0.0252184
-0.0255683
-0.0259258
-0.0262882
-0.0266583
-0.0270348
-0.0274176
-0.0278088
-0.028206
-0.0286109
-0.0290246
-0.0294431
-0.0298727
-0.0303069
-0.0307485
-0.0311982
-0.0316473
-0.032099
-0.03254
-0.0329545
-0.0333198
)
;

boundaryField
{
    zeroGradientPlanes
    {
        type            zeroGradient;
    }
    inlet
    {
        type            zeroGradient;
    }
    plate
    {
        type            zeroGradient;
    }
    frontAndBack
    {
        type            empty;
    }
}


// ************************************************************************* //
