/*--------------------------------*- C++ -*----------------------------------*\
  =========                 |
  \\      /  F ield         | OpenFOAM: The Open Source CFD Toolbox
   \\    /   O peration     | Website:  https://openfoam.org
    \\  /    A nd           | Version:  6
     \\/     M anipulation  |
\*---------------------------------------------------------------------------*/
FoamFile
{
    version     2.0;
    format      ascii;
    class       volScalarField;
    location    "0.3";
    object      p;
}
// * * * * * * * * * * * * * * * * * * * * * * * * * * * * * * * * * * * * * //

dimensions      [0 2 -2 0 0 0 0];

internalField   nonuniform List<scalar> 
4800
(
-2.63775e-11
3.03368e-05
0.000105981
0.000123512
0.00017315
0.000241242
0.000340849
0.000556792
0.000563999
0.000637724
0.00089269
0.000914506
0.00104301
0.00101039
0.000771532
0.000616199
0.000703138
0.00084511
0.000753159
0.00075672
1.66089e-06
3.04292e-05
0.000105925
0.00012286
0.00017308
0.000243624
0.000338492
0.000556148
0.000564831
0.000640382
0.000894249
0.000908493
0.00104224
0.00100999
0.000779945
0.000621283
0.000692725
0.000849401
0.000730237
0.000728483
3.97732e-06
3.07854e-05
0.000104852
0.000123548
0.000170855
0.000247759
0.000337242
0.000552857
0.000561702
0.000652258
0.000893333
0.000894922
0.00103504
0.00101276
0.000816742
0.000634201
0.000671367
0.000858396
0.000678734
0.000646057
6.65773e-06
3.11605e-05
0.000103096
0.000125285
0.000165489
0.000254867
0.000337211
0.00054384
0.000557356
0.000671452
0.00089467
0.000879201
0.00101034
0.00102518
0.000873688
0.000659218
0.000656017
0.000836992
0.000613249
0.00052259
8.7626e-06
3.13558e-05
0.000101194
0.000126862
0.000160717
0.000259933
0.000338583
0.000538078
0.000547112
0.000687516
0.00091206
0.000856236
0.000976714
0.00104474
0.000920674
0.00071687
0.0006552
0.000767739
0.000564803
0.000410911
9.49722e-06
3.22567e-05
9.92827e-05
0.0001278
0.000159189
0.000257151
0.000348335
0.000534738
0.000525842
0.000704254
0.000936774
0.000834754
0.000959633
0.00104586
0.000943266
0.000805493
0.000661937
0.000679818
0.000545225
0.000353875
9.7107e-06
3.53031e-05
9.65238e-05
0.00012729
0.000162323
0.000248172
0.000359933
0.000532689
0.000511951
0.000706685
0.000950597
0.000845213
0.000953578
0.00101766
0.000953951
0.000885517
0.00066831
0.000622552
0.000551193
0.000352671
1.07143e-05
4.06901e-05
9.14327e-05
0.000125903
0.000169395
0.000234189
0.000365418
0.000543697
0.000503343
0.000679663
0.000969398
0.000882445
0.00093635
0.0009998
0.000957984
0.000906106
0.000681515
0.000615324
0.000555659
0.00034833
1.25286e-05
4.58643e-05
8.55141e-05
0.000123915
0.000175299
0.000223749
0.000365162
0.000555543
0.000496113
0.000656303
0.000989777
0.000898557
0.00092468
0.00102695
0.000933517
0.000863105
0.000717768
0.000628833
0.000513076
0.000274626
1.31395e-05
4.78635e-05
8.49296e-05
0.000118985
0.000178064
0.000226549
0.000353011
0.000554897
0.0005129
0.000648852
0.000974727
0.00089363
0.000945802
0.0010671
0.000882899
0.000806506
0.000759319
0.000602529
0.00040008
0.000176558
1.02054e-05
4.83466e-05
9.49773e-05
0.00010783
0.00017689
0.000241897
0.000331877
0.000544736
0.000545408
0.000638918
0.000944179
0.000902931
0.0009555
0.00106752
0.000857436
0.000767402
0.000739925
0.000509653
0.000247376
4.67052e-05
5.27569e-06
5.23796e-05
0.000111176
8.95416e-05
0.000171013
0.000263537
0.000311794
0.000521775
0.00057076
0.000641126
0.000933424
0.000903021
0.000904291
0.0010455
0.000891477
0.000717586
0.000617483
0.000384177
9.33213e-05
-0.000175307
3.98197e-06
5.89704e-05
0.000120522
7.2514e-05
0.000162089
0.000279932
0.000300518
0.000496775
0.000589093
0.000653146
0.000919358
0.000884433
0.000846106
0.00102739
0.000906295
0.000599787
0.000431063
0.000264519
-6.43349e-05
-0.000512625
8.44205e-06
5.75224e-05
0.000118262
7.51521e-05
0.00015147
0.000278909
0.000307338
0.000488518
0.000587372
0.000637079
0.00089588
0.000900782
0.000819998
0.00093992
0.000794492
0.000434305
0.000277496
0.00015126
-0.00027749
-0.000923416
1.29353e-05
4.26639e-05
0.000119132
0.000106275
0.000131885
0.000252681
0.000330496
0.000493617
0.000553973
0.000594089
0.000887328
0.000948846
0.000773334
0.00074821
0.000608714
0.000309341
0.000160712
-2.52681e-05
-0.000579023
-0.0013305
1.33855e-05
2.80284e-05
0.000133042
0.000140695
9.56379e-05
0.000212419
0.000360291
0.000502535
0.000514037
0.000555084
0.000874186
0.00096168
0.000692465
0.00054403
0.000441027
0.000189666
-5.47785e-05
-0.000335971
-0.000899982
-0.0016136
1.55617e-05
2.71686e-05
0.000138
0.000147325
7.02391e-05
0.000192631
0.00037911
0.000499098
0.000490146
0.00052877
0.0008194
0.000906663
0.000607122
0.000378174
0.000259624
-1.30638e-05
-0.000373432
-0.000681997
-0.00111449
-0.00169938
2.41405e-05
3.10308e-05
0.000113105
0.000142051
9.81327e-05
0.000195393
0.000345412
0.000460134
0.000490264
0.000524234
0.000727345
0.000784763
0.000503885
0.000229846
5.82463e-05
-0.000238113
-0.000640111
-0.000952517
-0.00126795
-0.00170331
3.2925e-05
2.76103e-05
7.96374e-05
0.000156104
0.000157398
0.000174812
0.000252306
0.000410332
0.000528808
0.000544362
0.000608246
0.000600457
0.000364492
9.82699e-05
-0.000109071
-0.000422105
-0.00084238
-0.00119762
-0.00146191
-0.00170066
3.5633e-05
2.49543e-05
6.66033e-05
0.000170127
0.000182542
0.000132125
0.000179258
0.000393389
0.000564107
0.000528914
0.000457858
0.000396431
0.000216318
-2.58026e-05
-0.000268207
-0.00060844
-0.00103412
-0.00138135
-0.00154577
-0.00156496
3.50956e-05
3.27834e-05
6.65976e-05
0.000148886
0.000167962
0.000132424
0.000182137
0.000365829
0.000494239
0.000429998
0.000330743
0.000266332
9.66257e-05
-0.000186197
-0.000484371
-0.000800102
-0.00112712
-0.0013477
-0.00138701
-0.00134125
3.53172e-05
4.36747e-05
6.18168e-05
0.000107356
0.000157966
0.000183944
0.000201989
0.000258415
0.000317984
0.000320941
0.000309721
0.000239406
-2.73301e-05
-0.000429941
-0.000762788
-0.000949563
-0.00105974
-0.00113075
-0.00118006
-0.00129418
3.52101e-05
4.76892e-05
5.72136e-05
8.21209e-05
0.000155664
0.000213828
0.000178126
0.000124101
0.000164798
0.000271895
0.000332966
0.000190261
-0.000228214
-0.00072522
-0.00101366
-0.00101973
-0.000918729
-0.000929011
-0.00112108
-0.00144042
3.36116e-05
4.63103e-05
6.20675e-05
7.56663e-05
0.000129639
0.000184938
0.00014578
6.80101e-05
9.06282e-05
0.00019633
0.000228122
1.97326e-05
-0.000435616
-0.000895689
-0.00109948
-0.0010164
-0.000857787
-0.000894827
-0.00119317
-0.00159068
3.24302e-05
4.41603e-05
6.9251e-05
7.04059e-05
8.19259e-05
0.000133171
0.000144686
7.81364e-05
1.24201e-05
3.0888e-07
-1.59415e-05
-0.000158018
-0.000470208
-0.000829736
-0.00105601
-0.001088
-0.00104529
-0.00111142
-0.00135423
-0.00167475
3.32093e-05
4.11852e-05
6.8261e-05
6.31999e-05
4.30401e-05
8.75037e-05
0.000137747
6.42861e-05
-0.000109631
-0.000229517
-0.000229036
-0.000218237
-0.000367105
-0.00071944
-0.00112104
-0.00138523
-0.00146702
-0.00145501
-0.00148495
-0.00162222
3.52148e-05
3.66859e-05
5.9203e-05
5.90294e-05
2.29925e-05
3.74085e-05
8.11972e-05
5.458e-06
-0.000203284
-0.000359982
-0.000344723
-0.000269337
-0.000383941
-0.000800217
-0.00134021
-0.00171705
-0.00177827
-0.00160011
-0.00140927
-0.00139122
3.72183e-05
3.24071e-05
4.69627e-05
5.39479e-05
8.70336e-06
-2.22851e-05
-6.81197e-06
-5.57811e-05
-0.000230702
-0.000410842
-0.000467483
-0.000460012
-0.000596193
-0.000970499
-0.0014381
-0.00174573
-0.00174363
-0.00152264
-0.00132367
-0.00132667
3.86798e-05
2.9778e-05
3.36264e-05
4.09423e-05
-7.94889e-06
-7.43233e-05
-8.75358e-05
-0.000110337
-0.000251774
-0.000474377
-0.000639237
-0.000712344
-0.000802363
-0.00100817
-0.00130497
-0.00155838
-0.00165831
-0.00163235
-0.0016026
-0.00167603
3.93267e-05
2.82348e-05
2.00619e-05
2.06106e-05
-2.52257e-05
-0.000108236
-0.000152866
-0.000182187
-0.000312267
-0.000552009
-0.000769016
-0.000868042
-0.000894578
-0.000985619
-0.00122007
-0.00154331
-0.00183129
-0.00198583
-0.00200278
-0.00195101
3.89895e-05
2.67641e-05
8.16309e-06
-1.70985e-06
-4.31017e-05
-0.000131509
-0.000209237
-0.000266112
-0.000383881
-0.000594726
-0.000811693
-0.000937153
-0.000991727
-0.00110393
-0.0013572
-0.00170308
-0.00199417
-0.00209135
-0.00197655
-0.00175401
3.79279e-05
2.511e-05
-7.17635e-07
-2.23844e-05
-6.34713e-05
-0.000151511
-0.000251389
-0.000331351
-0.000433904
-0.000609341
-0.000825686
-0.00100826
-0.00114621
-0.00129565
-0.00149718
-0.00171714
-0.00186469
-0.00187583
-0.00177805
-0.00167841
3.67828e-05
2.35134e-05
-6.68551e-06
-3.94153e-05
-8.38718e-05
-0.000166823
-0.000272336
-0.000365882
-0.000466308
-0.00062491
-0.000840146
-0.00105708
-0.00123059
-0.00136105
-0.00148289
-0.00161642
-0.00175528
-0.00188497
-0.00199659
-0.00209705
3.62137e-05
2.2437e-05
-9.98924e-06
-5.06695e-05
-9.90791e-05
-0.00017479
-0.00027547
-0.000376531
-0.000481819
-0.000624497
-0.000813787
-0.00101457
-0.00118281
-0.00131868
-0.0014656
-0.00166309
-0.00190924
-0.0021519
-0.00231899
-0.00236077
3.66977e-05
2.25663e-05
-1.02985e-05
-5.47966e-05
-0.000105859
-0.00017471
-0.000265573
-0.000364014
-0.000463384
-0.000580255
-0.000730133
-0.00090228
-0.00107877
-0.00126269
-0.00147176
-0.00171155
-0.00195168
-0.00213709
-0.00222374
-0.00220777
3.8462e-05
2.44662e-05
-7.37973e-06
-5.2051e-05
-0.00010329
-0.000165221
-0.00024236
-0.000326508
-0.000409435
-0.00050058
-0.000616219
-0.000761052
-0.000927872
-0.00110562
-0.00128866
-0.0014749
-0.00166099
-0.00184455
-0.00202562
-0.00220561
4.13729e-05
2.81121e-05
-1.68315e-06
-4.385e-05
-9.22347e-05
-0.000146174
-0.000207766
-0.000273199
-0.000337086
-0.000402988
-0.000481021
-0.000576555
-0.000684019
-0.000797845
-0.000925286
-0.00108636
-0.00130231
-0.00157839
-0.00189442
-0.00220827
4.48339e-05
3.26926e-05
5.55639e-06
-3.27448e-05
-7.64079e-05
-0.00012234
-0.000169978
-0.000217582
-0.000260463
-0.000297716
-0.00033346
-0.000373226
-0.000421674
-0.000487089
-0.000581806
-0.000719089
-0.000905078
-0.00113738
-0.00141136
-0.0017303
4.78547e-05
3.66702e-05
1.19655e-05
-2.25257e-05
-6.17552e-05
-0.000101584
-0.000139251
-0.000172522
-0.00019744
-0.00021259
-0.000220208
-0.000226234
-0.000236725
-0.000257338
-0.000294967
-0.000361256
-0.000474589
-0.000660205
-0.000946881
-0.0013631
4.96865e-05
3.88297e-05
1.50285e-05
-1.74334e-05
-5.41728e-05
-9.09817e-05
-0.000124363
-0.000151446
-0.000169159
-0.000175908
-0.000172168
-0.000160284
-0.000144198
-0.000132868
-0.000144063
-0.000204739
-0.000346079
-0.000593724
-0.000956139
-0.00141222
0.000997924
0.00229381
0.00325998
0.0032085
0.00268025
0.00199093
0.00117258
0.000601281
0.000252759
-0.000189097
-0.000653001
-0.00102059
-0.00137989
-0.00179716
-0.00229034
-0.00287679
-0.00340979
-0.0038243
-0.00418203
-0.00442659
-0.0047947
-0.00561231
-0.00671448
-0.00776263
-0.00856688
-0.00923059
-0.00997871
-0.0105505
-0.0105764
-0.010351
-0.0102731
-0.0101687
-0.00980794
-0.00940217
-0.00919919
-0.00913312
-0.00907107
-0.00899855
-0.00898965
-0.00911836
-0.0092878
-0.00939745
-0.00956359
-0.00978745
-0.00988949
-0.00992673
-0.0100295
-0.0100879
-0.010093
-0.010232
-0.0104541
-0.0105408
-0.010529
-0.0106
-0.0107475
-0.0108621
-0.0109357
-0.0110216
-0.0111249
-0.0112266
-0.0113253
-0.0114332
-0.0115516
-0.0116783
-0.0118106
-0.0119482
-0.0120901
-0.0122353
-0.0123852
-0.0125381
-0.0126972
-0.0128586
-0.0130268
-0.0131963
-0.013372
-0.0135491
-0.0137311
-0.013916
-0.0141036
-0.0142967
-0.0144902
-0.014691
-0.0148919
-0.0150993
-0.015309
-0.0155223
-0.0157411
-0.0159615
-0.0161875
-0.0164173
-0.0166485
-0.0168875
-0.0171253
-0.0173679
-0.0176138
-0.0178556
-0.0180948
-0.0183344
-0.0185261
-0.0186894
0.000998499
0.00209748
0.00300272
0.00305263
0.00257051
0.00188025
0.00111138
0.000570641
0.000204559
-0.000241332
-0.000695858
-0.00106201
-0.00142065
-0.00183107
-0.00231481
-0.0028961
-0.00342172
-0.00383312
-0.00420188
-0.00445368
-0.0048184
-0.0056301
-0.00672127
-0.00775372
-0.00854641
-0.00920139
-0.00993776
-0.0105035
-0.0105347
-0.010318
-0.0102487
-0.0101511
-0.00979397
-0.00939231
-0.00919349
-0.00912935
-0.00906932
-0.00899895
-0.00899012
-0.0091183
-0.0092873
-0.00939551
-0.00956093
-0.00978534
-0.00988725
-0.00992445
-0.0100286
-0.0100879
-0.0100923
-0.0102309
-0.0104536
-0.0105406
-0.0105288
-0.0105998
-0.0107475
-0.0108621
-0.0109358
-0.0110217
-0.0111252
-0.0112268
-0.0113255
-0.0114333
-0.0115517
-0.0116784
-0.0118106
-0.0119482
-0.0120901
-0.0122353
-0.0123852
-0.0125381
-0.0126972
-0.0128586
-0.0130268
-0.0131963
-0.013372
-0.0135491
-0.0137311
-0.0139161
-0.0141036
-0.0142967
-0.0144902
-0.014691
-0.0148919
-0.0150993
-0.015309
-0.0155223
-0.0157411
-0.0159615
-0.0161875
-0.0164173
-0.0166485
-0.0168875
-0.0171253
-0.0173679
-0.0176138
-0.0178556
-0.0180948
-0.0183345
-0.0185264
-0.0186896
0.00096711
0.0017998
0.00259854
0.0028121
0.00242795
0.00174331
0.00105952
0.00058492
0.000186526
-0.000281772
-0.000729087
-0.001103
-0.00146997
-0.00187767
-0.00235192
-0.00292248
-0.00343905
-0.00384044
-0.00420995
-0.00448337
-0.00487084
-0.00567431
-0.00672419
-0.00771762
-0.00849616
-0.00914216
-0.00985302
-0.0103985
-0.0104434
-0.0102554
-0.010201
-0.0101094
-0.00976077
-0.00937026
-0.00918111
-0.00912034
-0.0090611
-0.00899562
-0.00899136
-0.00911886
-0.00928637
-0.00939466
-0.00955856
-0.00978014
-0.00988091
-0.00991878
-0.0100244
-0.0100857
-0.0100914
-0.0102292
-0.0104504
-0.0105375
-0.0105271
-0.010599
-0.0107465
-0.0108609
-0.0109348
-0.0110212
-0.0111249
-0.0112266
-0.0113254
-0.0114334
-0.0115518
-0.0116785
-0.0118107
-0.0119483
-0.0120902
-0.0122354
-0.0123853
-0.0125382
-0.0126972
-0.0128587
-0.0130268
-0.0131963
-0.013372
-0.0135491
-0.0137311
-0.0139161
-0.0141036
-0.0142967
-0.0144902
-0.014691
-0.0148919
-0.0150993
-0.015309
-0.0155223
-0.0157411
-0.0159615
-0.0161875
-0.0164173
-0.0166485
-0.0168875
-0.0171253
-0.0173679
-0.0176138
-0.0178556
-0.0180949
-0.0183346
-0.0185273
-0.0186904
0.000870807
0.00149054
0.00218437
0.00254885
0.00228378
0.00161433
0.00102173
0.000627914
0.000190624
-0.000315777
-0.000765701
-0.0011543
-0.00153136
-0.00193585
-0.0023945
-0.00294544
-0.00345045
-0.00383658
-0.00420539
-0.00451795
-0.00493688
-0.00571038
-0.00670027
-0.00765608
-0.00842252
-0.00905899
-0.00973514
-0.0102498
-0.0103223
-0.0101776
-0.0101326
-0.0100467
-0.00971478
-0.00934085
-0.00916641
-0.00910823
-0.00904524
-0.00898816
-0.00899355
-0.00911891
-0.00928457
-0.00939488
-0.00955472
-0.00976995
-0.00987035
-0.00990941
-0.0100149
-0.0100796
-0.01009
-0.0102265
-0.0104429
-0.01053
-0.0105234
-0.0105972
-0.0107438
-0.0108575
-0.0109322
-0.0110193
-0.0111234
-0.0112256
-0.011325
-0.0114335
-0.0115521
-0.0116789
-0.011811
-0.0119486
-0.0120904
-0.0122356
-0.0123855
-0.0125384
-0.0126974
-0.0128588
-0.0130269
-0.0131963
-0.013372
-0.0135492
-0.0137311
-0.0139161
-0.0141036
-0.0142967
-0.0144902
-0.0146911
-0.0148919
-0.0150993
-0.015309
-0.0155223
-0.0157411
-0.0159615
-0.0161875
-0.0164173
-0.0166485
-0.0168875
-0.0171253
-0.017368
-0.0176139
-0.0178557
-0.0180951
-0.0183348
-0.0185286
-0.0186916
0.000719664
0.00121715
0.00183442
0.00226299
0.00208863
0.00146514
0.000961965
0.000640913
0.000185416
-0.000347126
-0.000807299
-0.00120966
-0.00158929
-0.00198525
-0.00242501
-0.00295365
-0.00344716
-0.00382686
-0.00420687
-0.00456175
-0.00499767
-0.00572658
-0.00666354
-0.00759033
-0.0083419
-0.00896182
-0.00959254
-0.0100768
-0.0101885
-0.0100883
-0.010051
-0.00997847
-0.00966918
-0.00931292
-0.00915334
-0.00909509
-0.0090271
-0.00898235
-0.00900007
-0.00912198
-0.00928445
-0.00939554
-0.00954888
-0.00975668
-0.00985744
-0.00989766
-0.0100029
-0.0100728
-0.0100889
-0.0102224
-0.0104326
-0.0105205
-0.0105193
-0.010595
-0.0107399
-0.010853
-0.0109287
-0.0110169
-0.0111216
-0.0112245
-0.0113247
-0.0114336
-0.0115524
-0.0116792
-0.0118113
-0.0119487
-0.0120905
-0.0122358
-0.0123856
-0.0125386
-0.0126976
-0.012859
-0.013027
-0.0131964
-0.0133721
-0.0135492
-0.0137311
-0.0139161
-0.0141036
-0.0142967
-0.0144902
-0.0146911
-0.0148919
-0.0150993
-0.015309
-0.0155223
-0.0157412
-0.0159615
-0.0161875
-0.0164173
-0.0166485
-0.0168875
-0.0171253
-0.017368
-0.0176139
-0.0178559
-0.0180953
-0.0183351
-0.0185302
-0.0186932
0.000557219
0.000974644
0.00152708
0.00191409
0.00178212
0.00127325
0.000882842
0.000616665
0.000179168
-0.000342759
-0.000821268
-0.00125107
-0.00163099
-0.00202177
-0.00245817
-0.00297055
-0.00345585
-0.00384052
-0.00423092
-0.00460764
-0.00504374
-0.00573453
-0.0066298
-0.00752289
-0.00824925
-0.00884562
-0.00943198
-0.00989396
-0.0100481
-0.0099935
-0.00996919
-0.00991365
-0.00962703
-0.00928785
-0.00914268
-0.00908429
-0.00901193
-0.00898075
-0.00901142
-0.00912808
-0.00928427
-0.00939465
-0.0095417
-0.00974202
-0.0098429
-0.00988503
-0.00999128
-0.0100664
-0.0100872
-0.010217
-0.0104213
-0.0105108
-0.0105151
-0.0105923
-0.0107355
-0.0108481
-0.010925
-0.0110144
-0.0111197
-0.0112232
-0.011324
-0.0114335
-0.0115524
-0.0116792
-0.0118113
-0.0119487
-0.0120906
-0.0122359
-0.0123858
-0.0125388
-0.0126978
-0.0128592
-0.0130272
-0.0131966
-0.0133722
-0.0135493
-0.0137312
-0.0139161
-0.0141036
-0.0142967
-0.0144902
-0.0146911
-0.0148919
-0.0150993
-0.015309
-0.0155223
-0.0157412
-0.0159615
-0.0161875
-0.0164173
-0.0166486
-0.0168876
-0.0171254
-0.0173681
-0.017614
-0.017856
-0.0180957
-0.0183354
-0.0185319
-0.0186949
0.000421883
0.000732243
0.00119548
0.00148113
0.00137921
0.00106605
0.000829787
0.000595902
0.000186927
-0.000292109
-0.000807589
-0.00130327
-0.00168895
-0.00208149
-0.00252848
-0.00302078
-0.00348828
-0.00386582
-0.00424527
-0.00462974
-0.0050751
-0.00573966
-0.00658944
-0.00744262
-0.0081427
-0.0087207
-0.00927192
-0.00971242
-0.0099071
-0.00990134
-0.00988881
-0.00984733
-0.00958567
-0.00926567
-0.00913576
-0.00907781
-0.00899941
-0.00898091
-0.00902484
-0.00913347
-0.00928013
-0.00939042
-0.0095325
-0.00972501
-0.00982671
-0.00987255
-0.00997967
-0.0100583
-0.0100835
-0.0102104
-0.0104095
-0.0105004
-0.0105099
-0.0105886
-0.0107303
-0.0108426
-0.0109209
-0.0110114
-0.0111172
-0.0112212
-0.0113228
-0.0114329
-0.0115523
-0.0116792
-0.0118114
-0.0119489
-0.0120908
-0.0122361
-0.0123861
-0.0125391
-0.0126981
-0.0128594
-0.0130274
-0.0131967
-0.0133723
-0.0135493
-0.0137312
-0.0139161
-0.0141036
-0.0142967
-0.0144902
-0.0146911
-0.0148919
-0.0150993
-0.015309
-0.0155223
-0.0157412
-0.0159615
-0.0161875
-0.0164173
-0.0166486
-0.0168876
-0.0171254
-0.0173682
-0.0176142
-0.0178562
-0.018096
-0.0183359
-0.0185338
-0.0186968
0.000305568
0.000469495
0.000795982
0.0009917
0.000972053
0.000899433
0.000825964
0.000592615
0.000188718
-0.000243902
-0.000810816
-0.00139557
-0.0017853
-0.002166
-0.0026112
-0.00307098
-0.00350594
-0.00386212
-0.00422831
-0.00464115
-0.00511858
-0.00574896
-0.00653764
-0.00735689
-0.00804122
-0.00860253
-0.00911359
-0.00952814
-0.00976553
-0.00980763
-0.00980159
-0.00977766
-0.00954846
-0.00924856
-0.009132
-0.00907249
-0.00898527
-0.00897837
-0.00903448
-0.00913224
-0.00926907
-0.00938197
-0.00952061
-0.00970599
-0.00980997
-0.00985954
-0.00996562
-0.0100473
-0.0100784
-0.0102036
-0.0103969
-0.0104887
-0.0105038
-0.0105848
-0.010725
-0.010837
-0.0109165
-0.0110081
-0.0111144
-0.0112192
-0.0113219
-0.0114328
-0.0115525
-0.0116796
-0.0118117
-0.0119491
-0.0120909
-0.0122363
-0.0123862
-0.0125393
-0.0126983
-0.0128596
-0.0130276
-0.0131969
-0.0133724
-0.0135494
-0.0137312
-0.0139162
-0.0141036
-0.0142967
-0.0144902
-0.0146911
-0.0148919
-0.0150993
-0.0153091
-0.0155223
-0.0157412
-0.0159615
-0.0161875
-0.0164174
-0.0166486
-0.0168876
-0.0171255
-0.0173683
-0.0176143
-0.0178564
-0.0180965
-0.0183364
-0.0185356
-0.0186987
0.000179359
0.000183252
0.000338312
0.000507138
0.000655401
0.000803344
0.000825621
0.00056516
0.000156427
-0.000245237
-0.0008454
-0.00149088
-0.0018804
-0.00223317
-0.0026605
-0.00309443
-0.00350566
-0.00385278
-0.00422682
-0.00467931
-0.00517724
-0.00575167
-0.00647123
-0.00726772
-0.00794526
-0.00847929
-0.00894184
-0.00934236
-0.00962999
-0.00971284
-0.00971136
-0.0097099
-0.00951344
-0.00922991
-0.00912403
-0.00906194
-0.00896501
-0.00896781
-0.00903454
-0.00912267
-0.00925309
-0.00937148
-0.00950828
-0.00968739
-0.00979315
-0.00984488
-0.00994966
-0.0100361
-0.0100743
-0.0101973
-0.0103842
-0.0104772
-0.0104985
-0.0105814
-0.0107199
-0.0108311
-0.010912
-0.0110049
-0.0111119
-0.0112176
-0.0113211
-0.0114326
-0.0115525
-0.0116795
-0.0118115
-0.011949
-0.0120908
-0.0122363
-0.0123864
-0.0125395
-0.0126986
-0.0128599
-0.0130278
-0.013197
-0.0133725
-0.0135495
-0.0137313
-0.0139162
-0.0141037
-0.0142968
-0.0144902
-0.0146911
-0.0148919
-0.0150993
-0.0153091
-0.0155223
-0.0157412
-0.0159615
-0.0161876
-0.0164174
-0.0166487
-0.0168877
-0.0171256
-0.0173684
-0.0176146
-0.0178566
-0.018097
-0.0183371
-0.0185374
-0.0187008
2.86321e-05
-0.00012475
-0.000120422
9.95087e-05
0.000460976
0.000745672
0.000753688
0.000474881
0.000106669
-0.000274419
-0.000874163
-0.00152759
-0.00193965
-0.00229053
-0.00269947
-0.00312063
-0.00352549
-0.00387914
-0.00426051
-0.00471494
-0.0052027
-0.0057337
-0.00639997
-0.00717448
-0.00784498
-0.00834872
-0.00877106
-0.00917428
-0.00950723
-0.00961529
-0.00961396
-0.00963264
-0.0094664
-0.00920228
-0.00911091
-0.00904653
-0.00893665
-0.00894593
-0.00902546
-0.00910964
-0.00923752
-0.00936354
-0.00949975
-0.00967132
-0.00977645
-0.00983013
-0.00993521
-0.010027
-0.0100715
-0.0101913
-0.0103715
-0.0104657
-0.0104929
-0.0105773
-0.0107136
-0.0108244
-0.0109069
-0.0110011
-0.0111088
-0.0112151
-0.0113195
-0.0114315
-0.0115518
-0.0116792
-0.0118114
-0.011949
-0.012091
-0.0122366
-0.0123867
-0.0125399
-0.0126989
-0.0128602
-0.013028
-0.0131972
-0.0133726
-0.0135495
-0.0137313
-0.0139162
-0.0141037
-0.0142968
-0.0144902
-0.0146911
-0.0148919
-0.0150993
-0.0153091
-0.0155223
-0.0157412
-0.0159615
-0.0161876
-0.0164174
-0.0166487
-0.0168877
-0.0171257
-0.0173685
-0.0176148
-0.0178568
-0.0180976
-0.0183378
-0.0185391
-0.0187029
-0.000182914
-0.000450688
-0.000501809
-0.000172514
0.000350648
0.000661874
0.000599804
0.000356892
9.47337e-05
-0.000280731
-0.000878766
-0.00151383
-0.00199504
-0.00239653
-0.00277596
-0.00315831
-0.0035537
-0.00392029
-0.00428772
-0.00470857
-0.0051941
-0.00572348
-0.00634994
-0.00708245
-0.00773585
-0.00822193
-0.00861706
-0.00901824
-0.00937943
-0.00950199
-0.00950012
-0.00954071
-0.00940946
-0.00917133
-0.00909568
-0.00902393
-0.00889612
-0.00891417
-0.00901533
-0.00910251
-0.00922982
-0.00936333
-0.00949635
-0.00965592
-0.00975881
-0.00981609
-0.00992195
-0.0100174
-0.0100668
-0.0101832
-0.0103567
-0.0104519
-0.0104848
-0.0105712
-0.0107059
-0.0108167
-0.0109011
-0.0109968
-0.0111051
-0.0112123
-0.0113178
-0.011431
-0.0115519
-0.0116795
-0.0118119
-0.0119493
-0.0120912
-0.0122366
-0.0123868
-0.01254
-0.0126991
-0.0128604
-0.0130282
-0.0131974
-0.0133728
-0.0135496
-0.0137314
-0.0139162
-0.0141037
-0.0142968
-0.0144903
-0.0146911
-0.0148919
-0.0150993
-0.0153091
-0.0155223
-0.0157412
-0.0159615
-0.0161876
-0.0164174
-0.0166488
-0.0168877
-0.0171259
-0.0173686
-0.0176151
-0.0178571
-0.0180983
-0.0183385
-0.0185409
-0.0187053
-0.000513561
-0.000790499
-0.000748674
-0.000295664
0.000267275
0.000534627
0.000450366
0.000295596
0.000128727
-0.000284708
-0.000903435
-0.00151799
-0.00208548
-0.00255551
-0.00287361
-0.0031662
-0.00354601
-0.00394403
-0.00429986
-0.00469978
-0.00520419
-0.0057316
-0.00630714
-0.00698359
-0.0076128
-0.00809404
-0.00847113
-0.00886005
-0.00923999
-0.0093796
-0.00938038
-0.00944073
-0.00934314
-0.00913086
-0.00906947
-0.00899206
-0.00885323
-0.00888812
-0.00901651
-0.00910771
-0.00923066
-0.00936537
-0.00948963
-0.00963543
-0.00973795
-0.00980002
-0.00990516
-0.0100028
-0.0100576
-0.0101718
-0.0103391
-0.0104361
-0.010476
-0.0105652
-0.0106988
-0.0108097
-0.0108959
-0.0109929
-0.0111021
-0.0112103
-0.0113169
-0.0114307
-0.0115518
-0.0116792
-0.0118114
-0.0119489
-0.0120909
-0.0122366
-0.0123869
-0.0125403
-0.0126994
-0.0128607
-0.0130284
-0.0131975
-0.0133729
-0.0135497
-0.0137314
-0.0139163
-0.0141037
-0.0142968
-0.0144903
-0.0146911
-0.0148919
-0.0150993
-0.0153091
-0.0155223
-0.0157412
-0.0159615
-0.0161877
-0.0164174
-0.0166488
-0.0168878
-0.017126
-0.0173687
-0.0176154
-0.0178574
-0.018099
-0.0183394
-0.0185427
-0.0187077
-0.00096197
-0.00111732
-0.000853713
-0.000306112
0.000200517
0.000429281
0.000404419
0.00031414
0.00012053
-0.00037168
-0.000985037
-0.00155815
-0.00217808
-0.00269352
-0.00294483
-0.00314347
-0.00351354
-0.00396105
-0.00433845
-0.00473792
-0.00522962
-0.00571188
-0.00623815
-0.00688086
-0.00748835
-0.00796117
-0.00833052
-0.00871067
-0.00909826
-0.00925148
-0.00925245
-0.0093219
-0.00925877
-0.00908164
-0.0090396
-0.00896754
-0.00882908
-0.0088767
-0.00902286
-0.00911408
-0.00922756
-0.00935706
-0.00947221
-0.0096083
-0.0097125
-0.00977884
-0.00988327
-0.00998491
-0.0100474
-0.0101609
-0.010323
-0.0104225
-0.0104697
-0.0105612
-0.0106926
-0.0108027
-0.0108904
-0.0109887
-0.0110985
-0.0112072
-0.0113145
-0.0114288
-0.0115504
-0.0116784
-0.0118111
-0.011949
-0.0120912
-0.0122369
-0.0123873
-0.0125405
-0.0126996
-0.0128609
-0.0130286
-0.0131977
-0.013373
-0.0135498
-0.0137315
-0.0139163
-0.0141037
-0.0142968
-0.0144903
-0.0146911
-0.0148919
-0.0150993
-0.0153091
-0.0155223
-0.0157413
-0.0159615
-0.0161877
-0.0164175
-0.0166489
-0.0168879
-0.0171262
-0.0173688
-0.0176157
-0.0178577
-0.0180997
-0.0183403
-0.0185445
-0.0187102
-0.00142668
-0.00138813
-0.000873574
-0.000262058
0.000190759
0.00042794
0.000464872
0.000326997
-2.3964e-05
-0.000567099
-0.00108342
-0.00158567
-0.00222693
-0.00277138
-0.00300638
-0.00316157
-0.00350225
-0.00397533
-0.00440302
-0.00479198
-0.00521527
-0.00564964
-0.0061635
-0.00679578
-0.00737931
-0.0078268
-0.00819214
-0.00856981
-0.00894519
-0.00910447
-0.00911455
-0.00919301
-0.00917225
-0.00904041
-0.00901353
-0.00895093
-0.00882156
-0.00886992
-0.00901732
-0.00910605
-0.00921066
-0.00933487
-0.00944606
-0.00957811
-0.00968552
-0.00975721
-0.00986355
-0.00997116
-0.0100418
-0.010154
-0.0103099
-0.0104103
-0.0104628
-0.010555
-0.0106837
-0.0107932
-0.0108828
-0.0109826
-0.0110931
-0.0112028
-0.0113118
-0.0114277
-0.0115503
-0.0116788
-0.0118115
-0.0119491
-0.0120911
-0.0122368
-0.0123872
-0.0125406
-0.0126998
-0.0128611
-0.0130288
-0.0131979
-0.0133731
-0.0135499
-0.0137315
-0.0139163
-0.0141037
-0.0142968
-0.0144903
-0.0146911
-0.0148919
-0.0150993
-0.0153091
-0.0155223
-0.0157413
-0.0159616
-0.0161877
-0.0164175
-0.016649
-0.0168879
-0.0171264
-0.017369
-0.0176161
-0.0178582
-0.0181005
-0.0183413
-0.0185463
-0.0187127
-0.00179241
-0.00157989
-0.000879656
-0.000190958
0.000281747
0.000537317
0.000527671
0.000225912
-0.000288441
-0.00078897
-0.0011497
-0.00160026
-0.00225761
-0.00282222
-0.00309344
-0.00323965
-0.00350134
-0.00394938
-0.00443918
-0.00482212
-0.00517693
-0.00560871
-0.00612607
-0.00671726
-0.00726633
-0.00768688
-0.0080468
-0.0084265
-0.00878028
-0.00894861
-0.00898814
-0.00907247
-0.00908279
-0.00899673
-0.00898162
-0.00893269
-0.00882422
-0.00886237
-0.0089876
-0.00907033
-0.00917905
-0.00931012
-0.00942457
-0.00955528
-0.00966567
-0.0097424
-0.00984995
-0.00996121
-0.010037
-0.0101454
-0.0102927
-0.0103924
-0.0104502
-0.0105446
-0.0106723
-0.0107827
-0.010875
-0.0109771
-0.011089
-0.0112004
-0.0113108
-0.0114273
-0.0115498
-0.0116779
-0.0118105
-0.0119483
-0.0120907
-0.0122367
-0.0123874
-0.0125409
-0.0127001
-0.0128614
-0.0130291
-0.013198
-0.0133732
-0.0135499
-0.0137316
-0.0139163
-0.0141038
-0.0142968
-0.0144903
-0.014691
-0.014892
-0.0150993
-0.0153091
-0.0155223
-0.0157413
-0.0159616
-0.0161878
-0.0164175
-0.0166491
-0.016888
-0.0171266
-0.0173692
-0.0176165
-0.0178586
-0.0181014
-0.0183425
-0.0185481
-0.0187154
-0.00198095
-0.00167263
-0.000878964
-8.55043e-05
0.000446969
0.000649336
0.000468002
-6.3417e-06
-0.000555676
-0.000943126
-0.00121612
-0.00167423
-0.00230911
-0.00285343
-0.00316793
-0.00331448
-0.00349145
-0.00389272
-0.00444617
-0.00486433
-0.00518115
-0.00560989
-0.00609387
-0.00660002
-0.00712453
-0.00755182
-0.0079137
-0.00828844
-0.00861112
-0.00879306
-0.00887494
-0.00895019
-0.00897465
-0.00894757
-0.00895257
-0.00891012
-0.00882014
-0.00883897
-0.00892827
-0.00901505
-0.00915516
-0.00930693
-0.00942007
-0.00954091
-0.00964934
-0.00972806
-0.00983327
-0.00994463
-0.0100236
-0.010128
-0.0102684
-0.0103705
-0.0104373
-0.0105363
-0.0106637
-0.0107748
-0.0108695
-0.0109733
-0.0110856
-0.011197
-0.0113074
-0.0114243
-0.0115475
-0.0116766
-0.01181
-0.0119484
-0.0120909
-0.0122369
-0.0123875
-0.0125411
-0.0127003
-0.0128616
-0.0130292
-0.0131982
-0.0133734
-0.01355
-0.0137316
-0.0139164
-0.0141038
-0.0142968
-0.0144903
-0.014691
-0.014892
-0.0150992
-0.0153092
-0.0155223
-0.0157414
-0.0159616
-0.0161879
-0.0164176
-0.0166493
-0.0168881
-0.0171268
-0.0173695
-0.0176169
-0.0178592
-0.0181023
-0.0183437
-0.01855
-0.018718
-0.00199961
-0.00167798
-0.000857929
1.75564e-05
0.00056162
0.00062215
0.000257335
-0.000273801
-0.000725884
-0.00103592
-0.00136616
-0.00184987
-0.00236338
-0.0028258
-0.00318092
-0.00336285
-0.00351
-0.00386985
-0.00445864
-0.00492329
-0.0052016
-0.00558551
-0.00602692
-0.00647098
-0.00698757
-0.00744023
-0.00780838
-0.00815124
-0.00842136
-0.0086281
-0.00876763
-0.00882677
-0.00885958
-0.00889981
-0.00891788
-0.00886047
-0.00878733
-0.00880487
-0.00887537
-0.00897792
-0.00915367
-0.00931891
-0.00941801
-0.00951977
-0.0096224
-0.00970203
-0.00980475
-0.00991745
-0.0100033
-0.0101095
-0.010248
-0.0103552
-0.0104305
-0.0105317
-0.0106564
-0.0107662
-0.0108617
-0.0109658
-0.011078
-0.0111905
-0.0113032
-0.0114224
-0.011547
-0.0116766
-0.01181
-0.0119481
-0.0120904
-0.0122366
-0.0123874
-0.0125411
-0.0127005
-0.0128618
-0.0130294
-0.0131984
-0.0133735
-0.0135501
-0.0137317
-0.0139164
-0.0141038
-0.0142968
-0.0144903
-0.014691
-0.014892
-0.0150992
-0.0153092
-0.0155223
-0.0157414
-0.0159616
-0.0161879
-0.0164176
-0.0166494
-0.0168883
-0.0171271
-0.0173698
-0.0176174
-0.0178598
-0.0181032
-0.018345
-0.0185519
-0.0187207
-0.00193343
-0.00160872
-0.000799419
6.20809e-05
0.000520879
0.00042446
-1.91881e-05
-0.000482193
-0.000828627
-0.00116606
-0.00161426
-0.00205487
-0.00236397
-0.00272867
-0.00315394
-0.00341763
-0.0035799
-0.00390289
-0.00446677
-0.00493905
-0.00519339
-0.00554288
-0.00597794
-0.00639361
-0.00686557
-0.00731425
-0.00769963
-0.00800242
-0.00821145
-0.00845968
-0.00867095
-0.0087142
-0.00874442
-0.00883454
-0.00885595
-0.00878761
-0.00874801
-0.00879047
-0.0088582
-0.00896333
-0.00914722
-0.00931276
-0.00939997
-0.00948416
-0.00958024
-0.00966487
-0.00977296
-0.00989405
-0.00999199
-0.010102
-0.0102361
-0.0103424
-0.010421
-0.0105217
-0.0106428
-0.0107516
-0.0108496
-0.0109568
-0.011072
-0.0111873
-0.0113018
-0.0114214
-0.0115457
-0.011675
-0.0118086
-0.0119471
-0.01209
-0.0122365
-0.0123875
-0.0125413
-0.0127007
-0.012862
-0.0130296
-0.0131985
-0.0133736
-0.0135502
-0.0137317
-0.0139164
-0.0141038
-0.0142968
-0.0144903
-0.014691
-0.014892
-0.0150992
-0.0153092
-0.0155223
-0.0157414
-0.0159616
-0.016188
-0.0164177
-0.0166495
-0.0168884
-0.0171273
-0.0173702
-0.0176179
-0.0178605
-0.0181042
-0.0183463
-0.0185538
-0.0187234
-0.00175831
-0.00139583
-0.000685954
-1.07687e-06
0.000290993
0.000108778
-0.000289288
-0.000650086
-0.000972992
-0.0013758
-0.00184233
-0.00215609
-0.0023112
-0.00265379
-0.00316433
-0.00349595
-0.00367403
-0.00396197
-0.00444834
-0.00490473
-0.00519868
-0.00554133
-0.0059479
-0.00631692
-0.00671537
-0.0071553
-0.00758236
-0.00786084
-0.00801803
-0.00830114
-0.00857287
-0.00860728
-0.00862749
-0.00874403
-0.0087736
-0.00871757
-0.00872197
-0.00879512
-0.0088625
-0.00894917
-0.00910866
-0.00926759
-0.00936302
-0.0094469
-0.00954135
-0.00963552
-0.0097553
-0.00988534
-0.00998874
-0.0100935
-0.0102158
-0.0103183
-0.0104015
-0.0105053
-0.0106271
-0.0107391
-0.0108423
-0.010953
-0.0110687
-0.0111831
-0.0112973
-0.0114173
-0.0115427
-0.0116733
-0.0118078
-0.0119468
-0.0120897
-0.0122363
-0.0123874
-0.0125412
-0.0127007
-0.0128621
-0.0130298
-0.0131986
-0.0133737
-0.0135502
-0.0137318
-0.0139164
-0.0141038
-0.0142967
-0.0144903
-0.014691
-0.014892
-0.0150992
-0.0153092
-0.0155223
-0.0157415
-0.0159617
-0.0161881
-0.0164178
-0.0166497
-0.0168886
-0.0171276
-0.0173706
-0.0176185
-0.0178613
-0.0181053
-0.0183478
-0.0185557
-0.0187261
-0.00144951
-0.00113174
-0.000678911
-0.000280057
-0.000118157
-0.000243763
-0.000517991
-0.00083115
-0.00119178
-0.0015903
-0.00193727
-0.00213778
-0.00231657
-0.00271559
-0.00321904
-0.00354435
-0.0037417
-0.00400522
-0.00441284
-0.0048787
-0.00524753
-0.0055441
-0.00585687
-0.00619464
-0.00657956
-0.00703332
-0.00747605
-0.00772163
-0.00785005
-0.00814642
-0.00844761
-0.00850058
-0.00852199
-0.00863371
-0.00867377
-0.00866149
-0.00871694
-0.00880496
-0.00885427
-0.00890697
-0.00903379
-0.00919813
-0.00933166
-0.00943675
-0.0095278
-0.0096196
-0.00974113
-0.0098703
-0.00997016
-0.0100675
-0.0101835
-0.01029
-0.0103844
-0.010496
-0.0106197
-0.0107323
-0.0108355
-0.0109448
-0.0110594
-0.0111748
-0.0112917
-0.0114144
-0.0115413
-0.0116724
-0.0118069
-0.0119458
-0.012089
-0.0122357
-0.0123871
-0.0125412
-0.0127008
-0.0128622
-0.0130299
-0.0131987
-0.0133738
-0.0135503
-0.0137318
-0.0139164
-0.0141039
-0.0142967
-0.0144903
-0.014691
-0.014892
-0.0150992
-0.0153092
-0.0155223
-0.0157415
-0.0159617
-0.0161881
-0.0164179
-0.0166498
-0.0168888
-0.0171279
-0.017371
-0.0176191
-0.0178621
-0.0181065
-0.0183493
-0.0185577
-0.0187288
-0.00127349
-0.00115385
-0.000968101
-0.000724212
-0.000511894
-0.000470532
-0.000665899
-0.00104556
-0.00144859
-0.00174798
-0.00193131
-0.0021097
-0.00242992
-0.00284626
-0.00322236
-0.00353721
-0.00380303
-0.0040522
-0.00440723
-0.0048911
-0.00528549
-0.00549196
-0.00571933
-0.00608699
-0.00651486
-0.00696104
-0.0073457
-0.00754245
-0.0076923
-0.00800669
-0.00831028
-0.00840006
-0.00842388
-0.00849966
-0.0085701
-0.00863772
-0.00872036
-0.00877481
-0.00879487
-0.00884382
-0.00897348
-0.00915439
-0.00932206
-0.00944525
-0.00952242
-0.00959129
-0.00970054
-0.00983071
-0.00993881
-0.0100419
-0.0101606
-0.0102742
-0.0103777
-0.0104906
-0.0106086
-0.0107164
-0.0108199
-0.0109325
-0.0110511
-0.01117
-0.0112888
-0.011412
-0.0115387
-0.01167
-0.011805
-0.0119446
-0.0120882
-0.0122353
-0.0123869
-0.0125411
-0.0127008
-0.0128622
-0.0130299
-0.0131988
-0.0133738
-0.0135503
-0.0137319
-0.0139164
-0.0141039
-0.0142967
-0.0144903
-0.0146909
-0.014892
-0.0150992
-0.0153092
-0.0155224
-0.0157415
-0.0159618
-0.0161882
-0.0164181
-0.01665
-0.0168891
-0.0171283
-0.0173715
-0.0176197
-0.017863
-0.0181077
-0.0183509
-0.0185598
-0.0187315
-0.00144648
-0.00149579
-0.00134296
-0.00100505
-0.000654636
-0.000544577
-0.000821494
-0.00132493
-0.0017063
-0.00185337
-0.00192228
-0.00213818
-0.00254273
-0.00290996
-0.0032187
-0.00360928
-0.00393143
-0.00410953
-0.00439477
-0.00486592
-0.00525225
-0.00542493
-0.00562623
-0.00601066
-0.00646362
-0.00688419
-0.00718708
-0.00735256
-0.00756563
-0.00790229
-0.00817567
-0.00827885
-0.00830174
-0.00836042
-0.00849443
-0.0086283
-0.00867754
-0.00868361
-0.00872562
-0.00882164
-0.00896421
-0.00913389
-0.00929901
-0.00942646
-0.00949377
-0.00954163
-0.00964346
-0.00979128
-0.00992447
-0.0100372
-0.0101505
-0.0102587
-0.0103606
-0.0104708
-0.0105866
-0.010698
-0.0108088
-0.0109266
-0.0110462
-0.0111644
-0.011283
-0.0114069
-0.011535
-0.0116675
-0.0118034
-0.0119435
-0.0120874
-0.0122347
-0.0123864
-0.0125408
-0.0127007
-0.0128622
-0.01303
-0.0131988
-0.0133739
-0.0135503
-0.0137319
-0.0139164
-0.0141039
-0.0142967
-0.0144903
-0.0146909
-0.014892
-0.0150992
-0.0153092
-0.0155224
-0.0157415
-0.0159619
-0.0161883
-0.0164182
-0.0166502
-0.0168894
-0.0171287
-0.017372
-0.0176204
-0.017864
-0.018109
-0.0183526
-0.0185618
-0.0187342
-0.00173515
-0.00178837
-0.0015093
-0.00105954
-0.000714323
-0.000712198
-0.00109544
-0.00159662
-0.00188475
-0.00193628
-0.00198494
-0.00221646
-0.00258046
-0.00294599
-0.0033584
-0.00379534
-0.00401631
-0.00406211
-0.00430034
-0.00479199
-0.00522121
-0.00542891
-0.0055909
-0.00591458
-0.0063878
-0.00681841
-0.00705809
-0.00720158
-0.00744427
-0.00776974
-0.00802216
-0.00813801
-0.00816622
-0.00825001
-0.0084515
-0.00859163
-0.00857668
-0.00858468
-0.00870575
-0.00884287
-0.00896072
-0.00909145
-0.0092339
-0.00936379
-0.00945052
-0.00951009
-0.0096134
-0.00977196
-0.00992077
-0.0100305
-0.0101246
-0.0102221
-0.01033
-0.0104515
-0.0105748
-0.0106897
-0.0108011
-0.0109173
-0.0110358
-0.0111551
-0.0112763
-0.0114026
-0.0115321
-0.0116652
-0.0118015
-0.0119419
-0.0120861
-0.0122338
-0.0123858
-0.0125405
-0.0127005
-0.0128621
-0.0130299
-0.0131988
-0.0133739
-0.0135503
-0.0137319
-0.0139163
-0.0141038
-0.0142966
-0.0144903
-0.0146909
-0.014892
-0.0150992
-0.0153092
-0.0155225
-0.0157415
-0.015962
-0.0161884
-0.0164184
-0.0166504
-0.0168897
-0.0171291
-0.0173726
-0.0176212
-0.017865
-0.0181103
-0.0183543
-0.0185639
-0.0187369
-0.00188564
-0.00190328
-0.0016094
-0.00121115
-0.000961282
-0.00100688
-0.00130678
-0.00168172
-0.00195609
-0.00206716
-0.00214107
-0.0023045
-0.00258583
-0.00304018
-0.00356802
-0.00389052
-0.00394136
-0.00397179
-0.00426373
-0.00478783
-0.00523722
-0.00544531
-0.00555393
-0.00583047
-0.00632695
-0.00674977
-0.0069257
-0.00704957
-0.00728623
-0.00760153
-0.0078911
-0.00802789
-0.00804408
-0.00816656
-0.00840657
-0.00850207
-0.00845224
-0.00852755
-0.00872852
-0.00885299
-0.00890953
-0.00900888
-0.00915113
-0.00930209
-0.00943243
-0.00952006
-0.00960704
-0.00973947
-0.00988459
-0.00999728
-0.0100884
-0.0101908
-0.0103146
-0.0104458
-0.0105658
-0.0106741
-0.0107839
-0.0109031
-0.0110256
-0.011148
-0.011271
-0.0113982
-0.0115282
-0.0116619
-0.0117989
-0.01194
-0.0120847
-0.0122328
-0.0123851
-0.01254
-0.0127002
-0.0128619
-0.0130298
-0.0131987
-0.0133738
-0.0135502
-0.0137318
-0.0139163
-0.0141038
-0.0142966
-0.0144903
-0.0146909
-0.014892
-0.0150992
-0.0153092
-0.0155225
-0.0157416
-0.0159621
-0.0161885
-0.0164186
-0.0166507
-0.01689
-0.0171296
-0.0173732
-0.0176221
-0.0178661
-0.0181117
-0.0183561
-0.018566
-0.0187395
-0.00191896
-0.00196159
-0.00177581
-0.00147086
-0.00121706
-0.00115353
-0.00130944
-0.00165154
-0.00204246
-0.00226663
-0.00232219
-0.00239645
-0.00266921
-0.0031852
-0.00366632
-0.0038459
-0.00389023
-0.00404526
-0.00434919
-0.00476454
-0.00516061
-0.00540553
-0.00556654
-0.00582914
-0.00623403
-0.00657911
-0.00676201
-0.00693835
-0.00717943
-0.00746135
-0.00776321
-0.0079281
-0.0079448
-0.00807292
-0.00830658
-0.00838542
-0.00837641
-0.008521
-0.00872567
-0.00879279
-0.00881321
-0.00893512
-0.00911544
-0.00928228
-0.00942385
-0.00951721
-0.00957609
-0.00967283
-0.00982473
-0.00997228
-0.0100814
-0.0101804
-0.0102981
-0.0104259
-0.0105434
-0.0106532
-0.0107689
-0.0108934
-0.0110178
-0.0111403
-0.0112637
-0.011392
-0.0115234
-0.0116584
-0.0117962
-0.0119379
-0.0120831
-0.0122315
-0.0123842
-0.0125393
-0.0126997
-0.0128616
-0.0130296
-0.0131985
-0.0133737
-0.0135501
-0.0137318
-0.0139162
-0.0141038
-0.0142965
-0.0144902
-0.0146909
-0.0148919
-0.0150993
-0.0153092
-0.0155226
-0.0157416
-0.0159622
-0.0161886
-0.0164188
-0.016651
-0.0168904
-0.0171301
-0.0173739
-0.017623
-0.0178673
-0.0181132
-0.0183579
-0.0185682
-0.0187421
-0.00179483
-0.00188455
-0.00182992
-0.00162004
-0.00136447
-0.00124271
-0.00137024
-0.00173935
-0.00216916
-0.00243043
-0.00250873
-0.00261026
-0.00289502
-0.00328795
-0.00359509
-0.00377881
-0.00396985
-0.0041826
-0.00435929
-0.00463301
-0.00505631
-0.00542763
-0.00565701
-0.00583043
-0.00605036
-0.00635776
-0.00666909
-0.0069166
-0.00710696
-0.00730092
-0.00758603
-0.00783044
-0.00788301
-0.00795204
-0.00816409
-0.00831087
-0.00836163
-0.00848264
-0.00863084
-0.00869559
-0.0087633
-0.00892715
-0.00911503
-0.00925239
-0.00936298
-0.00945973
-0.00953248
-0.00963032
-0.00979453
-0.00996629
-0.0100762
-0.0101531
-0.01026
-0.0103973
-0.0105271
-0.0106415
-0.0107572
-0.0108815
-0.0110063
-0.0111301
-0.0112556
-0.0113859
-0.0115186
-0.0116545
-0.011793
-0.0119353
-0.0120811
-0.01223
-0.0123831
-0.0125385
-0.0126991
-0.0128612
-0.0130294
-0.0131983
-0.0133736
-0.01355
-0.0137317
-0.0139161
-0.0141037
-0.0142965
-0.0144902
-0.0146908
-0.0148919
-0.0150993
-0.0153092
-0.0155226
-0.0157416
-0.0159623
-0.0161888
-0.0164189
-0.0166513
-0.0168907
-0.0171307
-0.0173746
-0.0176239
-0.0178686
-0.0181147
-0.0183598
-0.0185703
-0.0187446
-0.00154571
-0.00175068
-0.00188394
-0.00184586
-0.00167533
-0.00153824
-0.00158984
-0.0018426
-0.00220059
-0.00254603
-0.00278357
-0.00293798
-0.00306923
-0.00319436
-0.00340645
-0.00375641
-0.00409429
-0.00426283
-0.00434645
-0.0046016
-0.005062
-0.00546825
-0.00567684
-0.00575635
-0.00587752
-0.00620296
-0.00661026
-0.00687667
-0.00701604
-0.00715569
-0.00742388
-0.00773633
-0.00782514
-0.00781909
-0.00802107
-0.00826432
-0.0083339
-0.00838047
-0.00851494
-0.00865763
-0.00878181
-0.00892196
-0.00906023
-0.00916699
-0.00927371
-0.00940886
-0.00953362
-0.00963491
-0.00976504
-0.00992202
-0.0100403
-0.0101229
-0.0102337
-0.01038
-0.0105149
-0.0106266
-0.0107395
-0.0108656
-0.0109943
-0.0111208
-0.0112478
-0.0113792
-0.0115131
-0.0116499
-0.0117893
-0.0119324
-0.0120789
-0.0122282
-0.0123817
-0.0125375
-0.0126984
-0.0128606
-0.013029
-0.013198
-0.0133734
-0.0135498
-0.0137315
-0.013916
-0.0141036
-0.0142964
-0.0144901
-0.0146908
-0.0148918
-0.0150993
-0.0153092
-0.0155227
-0.0157417
-0.0159625
-0.016189
-0.0164192
-0.0166517
-0.0168912
-0.0171313
-0.0173754
-0.0176249
-0.0178699
-0.0181163
-0.0183617
-0.0185725
-0.0187471
-0.00155891
-0.00189811
-0.00215637
-0.0021912
-0.00200603
-0.00175927
-0.00166401
-0.00182347
-0.0022303
-0.00272992
-0.00305475
-0.00310172
-0.00301353
-0.00304899
-0.00338496
-0.00388755
-0.00423105
-0.00433546
-0.00442759
-0.00466488
-0.00501733
-0.00537529
-0.00560342
-0.00568187
-0.00578426
-0.00610053
-0.00654555
-0.00684571
-0.00695103
-0.00704323
-0.00727664
-0.00758437
-0.0077152
-0.00772844
-0.00793087
-0.00819872
-0.00826238
-0.00828443
-0.00845449
-0.00865476
-0.0087696
-0.00884599
-0.00895432
-0.00909548
-0.00924596
-0.00940146
-0.00953032
-0.00960853
-0.00970198
-0.00986011
-0.0100154
-0.0101175
-0.0102176
-0.0103536
-0.010491
-0.0106076
-0.010723
-0.0108516
-0.0109828
-0.0111109
-0.0112388
-0.0113715
-0.0115068
-0.0116449
-0.0117853
-0.0119292
-0.0120762
-0.0122262
-0.0123801
-0.0125362
-0.0126975
-0.0128599
-0.0130284
-0.0131976
-0.0133731
-0.0135496
-0.0137313
-0.0139158
-0.0141034
-0.0142963
-0.01449
-0.0146908
-0.0148918
-0.0150993
-0.0153092
-0.0155228
-0.0157418
-0.0159626
-0.0161892
-0.0164194
-0.0166521
-0.0168916
-0.017132
-0.0173763
-0.0176259
-0.0178712
-0.0181179
-0.0183636
-0.0185747
-0.0187496
-0.00187747
-0.00209994
-0.00221325
-0.0021531
-0.00194455
-0.00173684
-0.00172201
-0.00199212
-0.00247202
-0.0029153
-0.0031112
-0.0030789
-0.00303839
-0.00321996
-0.00361026
-0.00399227
-0.00422244
-0.00435526
-0.00449207
-0.00464906
-0.00490754
-0.00528153
-0.00554136
-0.00563624
-0.00578318
-0.00610327
-0.00650978
-0.0067631
-0.00681606
-0.00690898
-0.00713758
-0.00741282
-0.00763066
-0.00774126
-0.00786415
-0.00804614
-0.00816289
-0.00825545
-0.00842848
-0.00859409
-0.00867738
-0.00875618
-0.00890664
-0.00909394
-0.00924091
-0.00934954
-0.00945943
-0.00956223
-0.00967227
-0.00983044
-0.00999383
-0.0101009
-0.0101907
-0.0103206
-0.0104669
-0.0105928
-0.010709
-0.0108363
-0.010969
-0.0110995
-0.0112293
-0.0113634
-0.0115001
-0.0116394
-0.0117808
-0.0119254
-0.0120732
-0.0122238
-0.0123783
-0.0125348
-0.0126963
-0.0128591
-0.0130278
-0.0131971
-0.0133727
-0.0135492
-0.013731
-0.0139156
-0.0141032
-0.0142962
-0.0144898
-0.0146907
-0.0148917
-0.0150993
-0.0153092
-0.0155228
-0.0157419
-0.0159627
-0.0161894
-0.0164196
-0.0166525
-0.0168922
-0.0171326
-0.0173772
-0.017627
-0.0178726
-0.0181196
-0.0183655
-0.0185769
-0.018752
-0.00188431
-0.0018276
-0.0018174
-0.00184622
-0.00190103
-0.00200122
-0.00218153
-0.00244964
-0.00272042
-0.00291744
-0.00305263
-0.00315136
-0.00327194
-0.0034562
-0.00366365
-0.00389114
-0.00415778
-0.00438679
-0.00451305
-0.00464823
-0.00493688
-0.00526743
-0.00546087
-0.00561578
-0.00585482
-0.00612552
-0.0063764
-0.00654275
-0.00665734
-0.00685861
-0.00708993
-0.00731008
-0.00757192
-0.00771338
-0.00772533
-0.00787402
-0.00812393
-0.00826719
-0.00834647
-0.00846059
-0.00860229
-0.00875575
-0.00891285
-0.00905234
-0.00915948
-0.00926558
-0.00940979
-0.00955601
-0.00966807
-0.00979189
-0.00994343
-0.0100702
-0.0101715
-0.0102973
-0.0104437
-0.0105749
-0.0106928
-0.0108197
-0.0109543
-0.0110879
-0.0112195
-0.0113548
-0.0114927
-0.0116333
-0.0117757
-0.0119213
-0.0120699
-0.0122211
-0.0123761
-0.0125331
-0.012695
-0.012858
-0.0130269
-0.0131965
-0.0133721
-0.0135488
-0.0137307
-0.0139154
-0.014103
-0.014296
-0.0144897
-0.0146906
-0.0148916
-0.0150993
-0.0153092
-0.0155228
-0.015742
-0.0159628
-0.0161897
-0.0164199
-0.0166529
-0.0168927
-0.0171333
-0.0173782
-0.0176281
-0.017874
-0.0181213
-0.0183674
-0.018579
-0.0187544
-0.00156659
-0.00153508
-0.00171509
-0.00203382
-0.00236232
-0.00258241
-0.00266624
-0.00266737
-0.00267537
-0.00279063
-0.00300566
-0.00323112
-0.00341031
-0.00353682
-0.00368815
-0.00393092
-0.00419807
-0.00439845
-0.0045727
-0.0047954
-0.00498969
-0.00512232
-0.0053449
-0.00566575
-0.00591222
-0.00604734
-0.0061766
-0.00638026
-0.00665022
-0.00688247
-0.00702234
-0.00720685
-0.00746881
-0.00758631
-0.0076069
-0.00782086
-0.00810346
-0.00818652
-0.00822018
-0.00839734
-0.00861386
-0.00874772
-0.00883339
-0.00894701
-0.00909718
-0.00924901
-0.009394
-0.0095255
-0.00963051
-0.00974575
-0.00989927
-0.0100458
-0.0101576
-0.0102746
-0.0104154
-0.0105529
-0.0106767
-0.0108042
-0.0109395
-0.0110753
-0.011209
-0.0113456
-0.0114848
-0.0116267
-0.0117703
-0.0119167
-0.0120661
-0.012218
-0.0123736
-0.0125311
-0.0126934
-0.0128568
-0.013026
-0.0131957
-0.0133715
-0.0135484
-0.0137303
-0.0139151
-0.0141027
-0.0142958
-0.0144895
-0.0146905
-0.0148915
-0.0150992
-0.0153092
-0.0155228
-0.0157421
-0.0159629
-0.0161899
-0.0164202
-0.0166533
-0.0168933
-0.017134
-0.0173791
-0.0176293
-0.0178754
-0.0181229
-0.0183693
-0.0185811
-0.0187567
-0.00169471
-0.00187167
-0.00217193
-0.00247915
-0.00266866
-0.00268225
-0.00257228
-0.00247173
-0.00252274
-0.00275763
-0.00308812
-0.00340602
-0.00362008
-0.00373507
-0.00384069
-0.00397622
-0.0041671
-0.0044304
-0.00467738
-0.0047985
-0.00485339
-0.00505531
-0.00542508
-0.00572323
-0.00586157
-0.0059434
-0.00607169
-0.00633723
-0.00664309
-0.00681598
-0.00694788
-0.00714812
-0.00731667
-0.00742835
-0.00759828
-0.00782649
-0.00798056
-0.0080573
-0.00819946
-0.00840699
-0.00855105
-0.00863398
-0.00875168
-0.00892181
-0.00909037
-0.00922025
-0.00933493
-0.00946601
-0.00959805
-0.00972452
-0.00986728
-0.0100129
-0.0101343
-0.0102518
-0.0103891
-0.0105307
-0.0106603
-0.0107888
-0.0109239
-0.0110619
-0.011198
-0.011336
-0.0114764
-0.0116196
-0.0117644
-0.0119118
-0.012062
-0.0122146
-0.0123709
-0.0125288
-0.0126916
-0.0128553
-0.0130248
-0.0131948
-0.0133708
-0.0135478
-0.0137298
-0.0139147
-0.0141024
-0.0142956
-0.0144893
-0.0146904
-0.0148914
-0.0150992
-0.0153092
-0.0155229
-0.0157422
-0.015963
-0.0161902
-0.0164205
-0.0166537
-0.0168939
-0.0171347
-0.0173801
-0.0176305
-0.0178768
-0.0181246
-0.0183712
-0.0185831
-0.0187589
-0.00219131
-0.00226573
-0.00231156
-0.00232464
-0.00230824
-0.00229381
-0.00233546
-0.00249266
-0.00277681
-0.00312267
-0.00344308
-0.00365183
-0.00372132
-0.0037293
-0.00377737
-0.00394644
-0.00423595
-0.00450445
-0.00464117
-0.00472731
-0.00491856
-0.00522612
-0.00549837
-0.00564298
-0.00571929
-0.00582496
-0.00605334
-0.00638188
-0.00662276
-0.00674083
-0.00687735
-0.00702053
-0.0071587
-0.00739731
-0.00764038
-0.0077423
-0.00782984
-0.00801821
-0.00820524
-0.00831925
-0.00842712
-0.00858491
-0.00875884
-0.00890276
-0.00902515
-0.00915065
-0.00928748
-0.00943485
-0.009575
-0.00969911
-0.00983005
-0.00997472
-0.010109
-0.0102328
-0.0103662
-0.0105075
-0.0106419
-0.0107731
-0.0109087
-0.0110481
-0.0111865
-0.0113261
-0.0114676
-0.0116121
-0.011758
-0.0119065
-0.0120575
-0.0122109
-0.0123678
-0.0125263
-0.0126896
-0.0128537
-0.0130235
-0.0131937
-0.0133699
-0.0135471
-0.0137293
-0.0139142
-0.014102
-0.0142953
-0.0144891
-0.0146902
-0.0148913
-0.0150991
-0.0153092
-0.0155229
-0.0157423
-0.0159632
-0.0161904
-0.0164209
-0.0166541
-0.0168946
-0.0171354
-0.017381
-0.0176316
-0.0178781
-0.0181262
-0.018373
-0.0185851
-0.018761
-0.00227031
-0.00210987
-0.00198359
-0.00197565
-0.00211456
-0.00237577
-0.00269776
-0.00300769
-0.0032411
-0.00337595
-0.00342953
-0.00345011
-0.00351641
-0.00367153
-0.00390676
-0.00417042
-0.00437014
-0.00449502
-0.00463563
-0.00484117
-0.00507101
-0.00524299
-0.00534544
-0.00546636
-0.00566157
-0.00592373
-0.00619602
-0.00637409
-0.00646899
-0.00660559
-0.00678554
-0.0069521
-0.00716609
-0.00741506
-0.00755176
-0.00761193
-0.00777118
-0.0079888
-0.00812741
-0.00823668
-0.00840285
-0.00857852
-0.0087089
-0.00882399
-0.00896436
-0.00912005
-0.00926447
-0.00939954
-0.00953434
-0.00966578
-0.00979958
-0.00994294
-0.0100826
-0.010212
-0.010344
-0.0104843
-0.0106227
-0.0107575
-0.0108939
-0.0110343
-0.0111746
-0.011316
-0.0114588
-0.0116044
-0.0117515
-0.0119009
-0.0120528
-0.012207
-0.0123645
-0.0125236
-0.0126873
-0.0128518
-0.013022
-0.0131925
-0.0133689
-0.0135463
-0.0137286
-0.0139137
-0.0141016
-0.014295
-0.0144888
-0.01469
-0.0148912
-0.015099
-0.0153091
-0.0155229
-0.0157424
-0.0159633
-0.0161906
-0.0164212
-0.0166546
-0.0168952
-0.0171362
-0.017382
-0.0176328
-0.0178795
-0.0181278
-0.0183747
-0.0185869
-0.018763
-0.00213348
-0.0020838
-0.00213937
-0.00232485
-0.00259551
-0.00286448
-0.00305066
-0.00312033
-0.00311218
-0.00311354
-0.00320586
-0.00342515
-0.00372616
-0.00401104
-0.00420359
-0.00428747
-0.00433751
-0.00445673
-0.00465558
-0.00487343
-0.00505109
-0.00518078
-0.00532929
-0.0055358
-0.00576778
-0.00598362
-0.00612634
-0.00620948
-0.00635969
-0.00658766
-0.00678603
-0.00696779
-0.00716836
-0.00731352
-0.00740527
-0.0075527
-0.00776205
-0.00793987
-0.00807043
-0.00821083
-0.0083667
-0.00850729
-0.00864143
-0.00878998
-0.00894399
-0.00908775
-0.00922173
-0.00935744
-0.00949926
-0.009639
-0.00977431
-0.00991344
-0.0100542
-0.0101895
-0.0103235
-0.010463
-0.0106033
-0.0107412
-0.0108792
-0.0110204
-0.0111624
-0.0113055
-0.0114496
-0.0115964
-0.0117446
-0.0118951
-0.0120479
-0.0122028
-0.0123611
-0.0125208
-0.012685
-0.0128499
-0.0130204
-0.0131912
-0.0133678
-0.0135454
-0.0137279
-0.0139131
-0.0141011
-0.0142946
-0.0144885
-0.0146897
-0.014891
-0.0150988
-0.0153091
-0.0155229
-0.0157425
-0.0159635
-0.0161908
-0.0164216
-0.016655
-0.0168957
-0.0171369
-0.0173828
-0.0176339
-0.0178807
-0.0181293
-0.0183764
-0.0185887
-0.0187648
-0.0023793
-0.00254109
-0.00268704
-0.00280204
-0.00286935
-0.00288999
-0.00289424
-0.00293686
-0.00307044
-0.00330765
-0.00360643
-0.00387985
-0.00404576
-0.00408998
-0.00407686
-0.00411761
-0.00428814
-0.00455522
-0.00482086
-0.00500212
-0.0050903
-0.0051732
-0.00533401
-0.00556493
-0.00579515
-0.00593933
-0.00601333
-0.00615763
-0.00640028
-0.00661348
-0.00677276
-0.00693813
-0.00707438
-0.00717984
-0.00735291
-0.00758197
-0.00775551
-0.00787081
-0.00800238
-0.00816082
-0.0083162
-0.00846525
-0.00861598
-0.0087632
-0.00890306
-0.00904277
-0.00918603
-0.00932952
-0.00947156
-0.00961135
-0.00974854
-0.00988763
-0.0100291
-0.0101684
-0.0103051
-0.0104443
-0.0105853
-0.0107257
-0.0108655
-0.0110076
-0.0111507
-0.0112953
-0.0114406
-0.0115883
-0.0117376
-0.0118891
-0.0120427
-0.0121984
-0.0123573
-0.0125176
-0.0126823
-0.0128477
-0.0130185
-0.0131897
-0.0133666
-0.0135444
-0.013727
-0.0139124
-0.0141006
-0.0142941
-0.0144882
-0.0146895
-0.0148908
-0.0150987
-0.015309
-0.0155229
-0.0157425
-0.0159636
-0.016191
-0.0164219
-0.0166554
-0.0168963
-0.0171376
-0.0173836
-0.0176349
-0.0178819
-0.0181306
-0.0183779
-0.0185903
-0.0187665
-0.00247468
-0.00267503
-0.00280776
-0.00289107
-0.0029675
-0.00307972
-0.003247
-0.00345263
-0.0036488
-0.00378331
-0.00383181
-0.00382054
-0.00382315
-0.00391632
-0.00412844
-0.00441169
-0.00466191
-0.00480054
-0.00483808
-0.00486633
-0.00499313
-0.00523535
-0.00549498
-0.00566725
-0.00573852
-0.00581213
-0.00600469
-0.00626343
-0.00644673
-0.00656789
-0.00671334
-0.00685868
-0.00699077
-0.00718076
-0.00740735
-0.00756245
-0.00765579
-0.00778902
-0.00797328
-0.00814465
-0.00828727
-0.00842812
-0.00857538
-0.00872162
-0.00886644
-0.0090127
-0.00915822
-0.00930064
-0.00944185
-0.0095837
-0.00972459
-0.00986518
-0.0100067
-0.010148
-0.0102874
-0.0104277
-0.0105694
-0.0107116
-0.0108532
-0.0109964
-0.0111405
-0.0112863
-0.0114327
-0.0115814
-0.0117315
-0.0118837
-0.0120381
-0.0121943
-0.0123538
-0.0125146
-0.0126797
-0.0128455
-0.0130167
-0.0131881
-0.0133653
-0.0135432
-0.0137261
-0.0139116
-0.0140999
-0.0142936
-0.0144877
-0.0146891
-0.0148905
-0.0150985
-0.0153089
-0.0155228
-0.0157425
-0.0159637
-0.0161912
-0.0164221
-0.0166557
-0.0168967
-0.0171381
-0.0173843
-0.0176357
-0.0178829
-0.0181317
-0.0183792
-0.0185917
-0.018768
-0.00210871
-0.00253694
-0.00296533
-0.00333008
-0.00360313
-0.00377389
-0.00384243
-0.00382416
-0.00375834
-0.0037061
-0.00373071
-0.00386672
-0.00409343
-0.00433858
-0.00451827
-0.00459201
-0.00459974
-0.00463718
-0.00478028
-0.00502219
-0.0052686
-0.00541961
-0.00547466
-0.0055323
-0.00568961
-0.00593714
-0.00615461
-0.0062708
-0.006368
-0.00652383
-0.00669435
-0.0068528
-0.00703843
-0.00722476
-0.00735157
-0.00745939
-0.0076205
-0.00781211
-0.00797347
-0.00810567
-0.00824433
-0.00839693
-0.00854931
-0.0086963
-0.00884142
-0.00898629
-0.00913034
-0.00927368
-0.00941678
-0.00955991
-0.00970209
-0.00984363
-0.00998549
-0.0101279
-0.0102694
-0.0104112
-0.0105536
-0.0106971
-0.0108403
-0.0109848
-0.01113
-0.011277
-0.0114246
-0.0115743
-0.0117253
-0.0118784
-0.0120336
-0.0121905
-0.0123506
-0.0125119
-0.0126775
-0.0128436
-0.0130151
-0.0131868
-0.0133642
-0.0135424
-0.0137254
-0.013911
-0.0140994
-0.0142932
-0.0144874
-0.0146889
-0.0148903
-0.0150984
-0.0153088
-0.0155228
-0.0157426
-0.0159638
-0.0161913
-0.0164223
-0.016656
-0.016897
-0.0171386
-0.0173849
-0.0176364
-0.0178837
-0.0181327
-0.0183802
-0.0185929
-0.0187694
-0.00192359
-0.00257726
-0.00319608
-0.00364534
-0.00388758
-0.0039575
-0.00393095
-0.00389145
-0.00390001
-0.00397603
-0.00409668
-0.00421606
-0.00429769
-0.00434228
-0.00439001
-0.0044927
-0.0046703
-0.0048861
-0.00506996
-0.0051747
-0.00522304
-0.00529563
-0.00545305
-0.00567297
-0.00587297
-0.00599727
-0.00608517
-0.00621945
-0.0064031
-0.00657428
-0.00672768
-0.00689445
-0.00704959
-0.00717002
-0.00730551
-0.00748826
-0.00766858
-0.00780707
-0.00793439
-0.0080838
-0.0082437
-0.00839442
-0.00853771
-0.00868195
-0.00882769
-0.00897261
-0.00911654
-0.00926011
-0.00940309
-0.0095457
-0.00968789
-0.00982989
-0.00997179
-0.0101142
-0.0102563
-0.0103987
-0.0105414
-0.0106853
-0.0108293
-0.0109745
-0.0111203
-0.011268
-0.0114164
-0.0115668
-0.0117185
-0.0118723
-0.0120281
-0.0121857
-0.0123463
-0.0125082
-0.0126743
-0.0128408
-0.0130127
-0.0131848
-0.0133625
-0.0135409
-0.0137242
-0.0139101
-0.0140986
-0.0142925
-0.0144869
-0.0146884
-0.01489
-0.0150981
-0.0153086
-0.0155226
-0.0157425
-0.0159637
-0.0161913
-0.0164224
-0.0166561
-0.0168973
-0.0171389
-0.0173853
-0.0176369
-0.0178842
-0.0181333
-0.018381
-0.0185938
-0.0187705
-0.00187679
-0.00244765
-0.00304331
-0.00353393
-0.00387043
-0.00406157
-0.00414379
-0.00415629
-0.00413001
-0.00409035
-0.00406461
-0.00408356
-0.00417176
-0.00433071
-0.00452925
-0.00471408
-0.00484064
-0.00490675
-0.0049588
-0.00505826
-0.00523017
-0.00543625
-0.005608
-0.00571563
-0.00579875
-0.00592385
-0.00610817
-0.00629873
-0.00645049
-0.00658768
-0.00673921
-0.00688271
-0.00701306
-0.0071732
-0.00736403
-0.00752672
-0.00764644
-0.00777524
-0.00793907
-0.00810639
-0.00825217
-0.00838908
-0.00853334
-0.00868242
-0.00882878
-0.00897217
-0.0091152
-0.00925845
-0.00940114
-0.00954346
-0.00968545
-0.00982737
-0.00996907
-0.0101112
-0.0102532
-0.0103956
-0.0105382
-0.0106819
-0.0108259
-0.0109712
-0.011117
-0.0112647
-0.0114132
-0.0115637
-0.0117155
-0.0118694
-0.0120253
-0.0121831
-0.0123439
-0.0125058
-0.0126721
-0.0128389
-0.013011
-0.0131832
-0.0133611
-0.0135397
-0.0137231
-0.0139091
-0.0140978
-0.0142918
-0.0144863
-0.0146879
-0.0148896
-0.0150978
-0.0153083
-0.0155224
-0.0157423
-0.0159636
-0.0161913
-0.0164224
-0.0166562
-0.0168973
-0.017139
-0.0173854
-0.017637
-0.0178845
-0.0181335
-0.0183813
-0.0185942
-0.0187713
)
;

boundaryField
{
    zeroGradientPlanes
    {
        type            zeroGradient;
    }
    inlet
    {
        type            zeroGradient;
    }
    plate
    {
        type            zeroGradient;
    }
    frontAndBack
    {
        type            empty;
    }
}


// ************************************************************************* //
