/*--------------------------------*- C++ -*----------------------------------*\
  =========                 |
  \\      /  F ield         | OpenFOAM: The Open Source CFD Toolbox
   \\    /   O peration     | Website:  https://openfoam.org
    \\  /    A nd           | Version:  6
     \\/     M anipulation  |
\*---------------------------------------------------------------------------*/
FoamFile
{
    version     2.0;
    format      ascii;
    class       volScalarField;
    location    "0.9";
    object      p;
}
// * * * * * * * * * * * * * * * * * * * * * * * * * * * * * * * * * * * * * //

dimensions      [0 2 -2 0 0 0 0];

internalField   nonuniform List<scalar> 
4800
(
9.78028e-09
-0.000601265
-0.00190802
-0.00356955
-0.00577212
-0.00845657
-0.0114306
-0.0146772
-0.0179854
-0.0210583
-0.0237643
-0.0259775
-0.0277268
-0.0292139
-0.0305695
-0.0318003
-0.0328196
-0.0335653
-0.0338871
-0.0335746
-9.4926e-07
-0.000599488
-0.00190814
-0.00356891
-0.005773
-0.00845564
-0.0114285
-0.014677
-0.0179855
-0.0210608
-0.0237644
-0.0259798
-0.0277273
-0.0292149
-0.0305716
-0.031799
-0.032828
-0.0335825
-0.0339105
-0.0336437
-8.36295e-06
-0.00059259
-0.00190788
-0.00356598
-0.00577659
-0.00845079
-0.0114218
-0.0146757
-0.0179875
-0.0210682
-0.0237684
-0.0259874
-0.0277299
-0.0292163
-0.0305696
-0.0317938
-0.0328468
-0.0336232
-0.0339661
-0.0338139
-1.86466e-05
-0.000582158
-0.00190327
-0.00356006
-0.00578065
-0.00844012
-0.0114083
-0.0146733
-0.0179918
-0.0210811
-0.0237787
-0.0260011
-0.0277376
-0.0292196
-0.0305647
-0.0317894
-0.0328897
-0.0337041
-0.0340764
-0.0340559
-2.31008e-05
-0.000575217
-0.00188894
-0.00355105
-0.00577908
-0.00842098
-0.0113867
-0.0146699
-0.0179972
-0.0210966
-0.0237947
-0.0260193
-0.027754
-0.0292292
-0.0305642
-0.0317952
-0.0329692
-0.0338381
-0.0342708
-0.034282
-2.06169e-05
-0.00057901
-0.00186414
-0.00353907
-0.0057669
-0.00838917
-0.0113579
-0.0146641
-0.018002
-0.0211096
-0.023811
-0.0260404
-0.0277815
-0.029253
-0.030579
-0.0318175
-0.0330916
-0.0340191
-0.0344535
-0.0344328
-1.55623e-05
-0.000596191
-0.00183457
-0.00352547
-0.0057442
-0.0083423
-0.0113252
-0.0146547
-0.0180054
-0.0211168
-0.0238245
-0.0260659
-0.0278237
-0.0292997
-0.0306185
-0.0318626
-0.0332503
-0.0342188
-0.0345958
-0.034478
-7.95552e-06
-0.000622695
-0.00180862
-0.00351298
-0.00571497
-0.00828161
-0.0112929
-0.0146422
-0.0180063
-0.0211187
-0.0238381
-0.0261023
-0.0278886
-0.0293739
-0.0306901
-0.0319592
-0.0334407
-0.0344192
-0.0347166
-0.0344536
2.11631e-05
-0.000651237
-0.00178982
-0.00350349
-0.00568059
-0.0082116
-0.0112617
-0.0146245
-0.0180024
-0.0211148
-0.0238581
-0.0261556
-0.0279838
-0.0294763
-0.0307882
-0.0321458
-0.033624
-0.0346258
-0.0348808
-0.0344982
0.000102191
-0.000673075
-0.00177403
-0.00349378
-0.0056373
-0.00813656
-0.0112265
-0.014594
-0.0179887
-0.0211062
-0.0238927
-0.0262292
-0.028111
-0.0295961
-0.0308824
-0.0322888
-0.0337633
-0.0348654
-0.0351877
-0.0345972
0.000213214
-0.000668541
-0.00175394
-0.00347229
-0.00557809
-0.00805921
-0.0111798
-0.0145413
-0.0179598
-0.0210978
-0.0239492
-0.026327
-0.0282618
-0.0296819
-0.0309151
-0.0323213
-0.0338185
-0.03514
-0.0357313
-0.0348501
0.000239439
-0.000615938
-0.00171955
-0.00342548
-0.00549184
-0.00798395
-0.0111107
-0.0144696
-0.0179106
-0.0210994
-0.0240304
-0.0264688
-0.0283804
-0.0296863
-0.0308567
-0.0322206
-0.0337573
-0.0353891
-0.0364009
-0.0356034
0.000106212
-0.000525092
-0.00166157
-0.00335224
-0.0053715
-0.00791663
-0.0110111
-0.0143872
-0.0178429
-0.0211249
-0.0241342
-0.0266137
-0.0283769
-0.0295768
-0.0307145
-0.0320253
-0.0335898
-0.03559
-0.0369798
-0.0369387
-7.01046e-05
-0.000428663
-0.00158631
-0.00325308
-0.00523068
-0.00784676
-0.0108902
-0.0142939
-0.0177757
-0.0211774
-0.0242326
-0.0266595
-0.02824
-0.0293665
-0.0305245
-0.0318362
-0.0334461
-0.0359306
-0.0379462
-0.0389205
-0.000119368
-0.000360285
-0.00151363
-0.00313012
-0.00510039
-0.00775607
-0.0107694
-0.0141899
-0.0177274
-0.0212281
-0.0242688
-0.0265378
-0.0279988
-0.029103
-0.0303348
-0.0317772
-0.0336488
-0.0367033
-0.0394597
-0.0411279
-3.53127e-08
-0.000324151
-0.00144836
-0.00299452
-0.00499972
-0.00764427
-0.0106614
-0.014083
-0.0176925
-0.0212299
-0.024179
-0.0262765
-0.0276887
-0.0288337
-0.0301824
-0.0319235
-0.0344576
-0.0380764
-0.0414014
-0.0434155
0.000212423
-0.000305502
-0.00138188
-0.00286474
-0.00492371
-0.0075234
-0.01056
-0.0139787
-0.0176453
-0.0211359
-0.0239293
-0.0259114
-0.0273343
-0.0285841
-0.0300977
-0.0322461
-0.0357265
-0.0399465
-0.0436299
-0.0457415
0.000391923
-0.000271081
-0.00130111
-0.00274884
-0.00484001
-0.00738926
-0.0104418
-0.0138678
-0.0175435
-0.0209104
-0.0235302
-0.0254678
-0.0269572
-0.0283593
-0.0301235
-0.0327441
-0.0372825
-0.0421265
-0.0460054
-0.0480143
0.000437865
-0.000205768
-0.00119448
-0.00264447
-0.00470759
-0.00722156
-0.0102755
-0.0137213
-0.0173373
-0.0205568
-0.0230511
-0.0249884
-0.0265803
-0.0281613
-0.030316
-0.03373
-0.0391445
-0.0444493
-0.0483528
-0.0501004
0.000372709
-0.000102747
-0.00106024
-0.00252701
-0.00451605
-0.00701059
-0.0100458
-0.0135044
-0.0170172
-0.0201217
-0.0225722
-0.0245224
-0.026241
-0.0280425
-0.0307243
-0.035447
-0.0413841
-0.0467931
-0.050498
-0.0518661
0.000379326
3.37394e-05
-0.000908883
-0.0023735
-0.00429414
-0.00677188
-0.0097814
-0.0132108
-0.0166259
-0.0196561
-0.022119
-0.0241111
-0.0259887
-0.0281281
-0.0315058
-0.0374845
-0.0437922
-0.0490185
-0.0523171
-0.0532297
0.000583306
0.000192068
-0.000750035
-0.00218362
-0.00407579
-0.00653077
-0.0095209
-0.0128709
-0.0161934
-0.0191778
-0.0216743
-0.0237753
-0.0258646
-0.0285304
-0.0331969
-0.0397776
-0.0461125
-0.0509482
-0.0537305
-0.0541741
0.000843904
0.000361148
-0.000575932
-0.00198279
-0.0038702
-0.00630242
-0.00924953
-0.0124895
-0.0157066
-0.0186654
-0.0212266
-0.0235185
-0.0259533
-0.0293691
-0.0353937
-0.0421754
-0.0481714
-0.0524559
-0.0547015
-0.0547245
0.000983282
0.000546493
-0.000376767
-0.0017806
-0.00366795
-0.00607355
-0.00892756
-0.0120315
-0.015137
-0.0180869
-0.0207953
-0.0233902
-0.0264026
-0.0311396
-0.0378197
-0.0444358
-0.0498507
-0.0535083
-0.0552612
-0.0549574
0.00107229
0.000747334
-0.000166682
-0.0015675
-0.00345779
-0.00581519
-0.00854437
-0.0114854
-0.0144917
-0.0174626
-0.0204377
-0.0235307
-0.0273327
-0.0334421
-0.0402909
-0.0464148
-0.0511188
-0.0541692
-0.0555238
-0.0550123
0.00124756
0.000935867
2.50993e-05
-0.0013603
-0.00323118
-0.00551091
-0.0081073
-0.0108961
-0.0138357
-0.0168893
-0.0202219
-0.0240508
-0.029006
-0.0357927
-0.0424801
-0.0479864
-0.0520027
-0.0545522
-0.0556378
-0.0550385
0.00147877
0.00109845
0.000185197
-0.00119754
-0.0030072
-0.00518789
-0.00765038
-0.0103421
-0.0132647
-0.016473
-0.0202025
-0.0248521
-0.0310198
-0.0378928
-0.0441215
-0.0490201
-0.0525204
-0.0547659
-0.0557515
-0.0551831
0.0016923
0.00126054
0.000320305
-0.00108893
-0.00284338
-0.00492902
-0.00729119
-0.00994628
-0.0129062
-0.0163049
-0.020439
-0.0258124
-0.0326083
-0.0392651
-0.0449335
-0.04936
-0.0526308
-0.0548661
-0.0559814
-0.0555877
0.00191464
0.00144529
0.000437127
-0.00101992
-0.00279025
-0.00485179
-0.00721326
-0.00990234
-0.0129548
-0.0165441
-0.0210295
-0.0268463
-0.033373
-0.0394407
-0.0445631
-0.0487499
-0.0521282
-0.0546994
-0.0562321
-0.0562175
0.00219892
0.0016578
0.000541185
-0.000993158
-0.00287016
-0.00504662
-0.00755533
-0.0103994
-0.0136291
-0.0174179
-0.0220698
-0.0275289
-0.0330847
-0.0381955
-0.0427452
-0.046854
-0.0505748
-0.0537492
-0.0559736
-0.056602
0.00250543
0.00189608
0.000648353
-0.00101847
-0.00309324
-0.00552908
-0.00834673
-0.0115132
-0.015053
-0.0190233
-0.0234075
-0.0278186
-0.0319068
-0.035697
-0.039461
-0.0433824
-0.0473892
-0.0511601
-0.0541404
-0.055582
0.00271555
0.00211753
0.000765582
-0.00109504
-0.00345383
-0.00625646
-0.00951173
-0.013166
-0.0171494
-0.021244
-0.025042
-0.0281482
-0.0305338
-0.0326079
-0.0350731
-0.038295
-0.0420912
-0.0459944
-0.0493831
-0.0515218
0.00279784
0.00225002
0.000845547
-0.00123782
-0.00392373
-0.00714677
-0.0108975
-0.0151336
-0.0196386
-0.0239073
-0.0272611
-0.0293048
-0.0301421
-0.0302757
-0.0307593
-0.0324082
-0.0350281
-0.0380589
-0.0410758
-0.0437442
0.00282334
0.0022703
0.000810874
-0.00147635
-0.00446213
-0.00808683
-0.0123146
-0.0170788
-0.0220918
-0.0267632
-0.030246
-0.0318657
-0.0317279
-0.0305826
-0.0293899
-0.0288312
-0.0290587
-0.0298341
-0.0309008
-0.0322696
0.00280681
0.00221243
0.000651516
-0.0018056
-0.00501648
-0.00896098
-0.013575
-0.0187187
-0.0240885
-0.029224
-0.0333253
-0.0353334
-0.0350809
-0.0332589
-0.0307857
-0.028359
-0.0263805
-0.0250584
-0.0246332
-0.0255236
0.00274446
0.00210646
0.000437587
-0.00214067
-0.00549747
-0.00966246
-0.0145612
-0.019948
-0.0254471
-0.0306963
-0.0352605
-0.0384801
-0.039452
-0.0382612
-0.0358955
-0.032836
-0.0295542
-0.0268988
-0.0255833
-0.0260281
0.00261336
0.00196561
0.000242816
-0.00238144
-0.00581248
-0.0101135
-0.0152037
-0.0207469
-0.0263088
-0.0315328
-0.0361134
-0.0396864
-0.0420274
-0.0432738
-0.0434192
-0.0417919
-0.0384164
-0.035448
-0.0341074
-0.034352
0.00242655
0.00184056
0.000120831
-0.0025086
-0.00598037
-0.0103546
-0.0154937
-0.0210761
-0.0267699
-0.0322954
-0.037399
-0.0417159
-0.0449925
-0.0470644
-0.0478346
-0.0474563
-0.046545
-0.0459636
-0.046125
-0.0465258
0.00242263
0.00179831
8.21957e-05
-0.00255218
-0.0060856
-0.0104922
-0.0155527
-0.021063
-0.0269641
-0.0331255
-0.0392031
-0.0446602
-0.0491425
-0.05249
-0.0547694
-0.0561376
-0.056769
-0.0567528
-0.0561402
-0.0547079
0.00253972
0.00181047
7.91141e-05
-0.00256335
-0.00614468
-0.0105611
-0.0155575
-0.0210333
-0.0271307
-0.0338802
-0.0409673
-0.0478995
-0.0542728
-0.059822
-0.0644763
-0.0681652
-0.0705034
-0.0708387
-0.0684651
-0.0629263
-0.0324625
-0.03073
-0.0289487
-0.0275722
-0.0267292
-0.0263279
-0.0261766
-0.0261116
-0.0260581
-0.0260298
-0.0260636
-0.0262017
-0.0264575
-0.0268188
-0.027241
-0.0276762
-0.0280866
-0.0284378
-0.0287289
-0.028995
-0.0292975
-0.0296592
-0.0300927
-0.0305987
-0.0311495
-0.0317001
-0.032166
-0.0324424
-0.032431
-0.032128
-0.0316272
-0.0309978
-0.0303256
-0.0296875
-0.0290854
-0.0285542
-0.0280746
-0.0276435
-0.0272751
-0.0269058
-0.0265922
-0.0263405
-0.026067
-0.0258161
-0.0255711
-0.0252706
-0.0249912
-0.0247222
-0.0244259
-0.0241773
-0.0239175
-0.0236184
-0.0233299
-0.0230288
-0.0227374
-0.0224308
-0.0221325
-0.0218671
-0.0215186
-0.0211923
-0.020945
-0.0205957
-0.0202388
-0.0199575
-0.0196348
-0.0193161
-0.0189648
-0.0185707
-0.0182929
-0.017983
-0.0175379
-0.0171842
-0.0168784
-0.0164798
-0.0160894
-0.0157148
-0.0153056
-0.0149116
-0.0145166
-0.0140904
-0.0136563
-0.0132232
-0.0127908
-0.0123432
-0.0118748
-0.011404
-0.0109365
-0.0104484
-0.00995008
-0.00945057
-0.00894166
-0.0084176
-0.00789672
-0.00736379
-0.00683672
-0.00629807
-0.00578926
-0.00528417
-0.0048575
-0.00447669
-0.0326419
-0.030934
-0.0291226
-0.0277119
-0.0268362
-0.0264065
-0.0262336
-0.0261544
-0.0260926
-0.026061
-0.0260953
-0.0262355
-0.0264929
-0.0268547
-0.0272762
-0.0277101
-0.0281183
-0.028468
-0.028758
-0.029022
-0.0293205
-0.0296757
-0.0301018
-0.0305968
-0.0311352
-0.0316727
-0.0321248
-0.0323949
-0.0323867
-0.0320915
-0.0316004
-0.0309798
-0.0303143
-0.0296807
-0.0290803
-0.0285497
-0.0280701
-0.0276394
-0.0272731
-0.0269045
-0.0265913
-0.02634
-0.0260649
-0.0258135
-0.0255689
-0.0252685
-0.0249896
-0.0247205
-0.0244241
-0.0241759
-0.0239159
-0.0236165
-0.0233283
-0.0230276
-0.0227363
-0.0224293
-0.0221313
-0.0218664
-0.0215174
-0.0211909
-0.0209445
-0.0205949
-0.0202378
-0.0199567
-0.0196341
-0.0193156
-0.0189642
-0.0185698
-0.0182924
-0.0179828
-0.0175372
-0.0171836
-0.0168782
-0.0164794
-0.016089
-0.0157146
-0.0153053
-0.0149113
-0.0145165
-0.0140902
-0.0136561
-0.0132231
-0.0127907
-0.0123431
-0.0118747
-0.0114039
-0.0109364
-0.0104484
-0.00995
-0.00945051
-0.00894161
-0.00841754
-0.00789668
-0.00736373
-0.00683669
-0.00629797
-0.00578923
-0.00528396
-0.00485711
-0.0044765
-0.0328921
-0.0312043
-0.0293626
-0.0279079
-0.0269817
-0.0265039
-0.0262921
-0.026187
-0.0261115
-0.0260766
-0.0261157
-0.0262639
-0.0265283
-0.0268949
-0.027319
-0.0277537
-0.0281602
-0.0285079
-0.0287977
-0.0290612
-0.0293542
-0.0296988
-0.0301102
-0.0305852
-0.0311001
-0.0316131
-0.0320417
-0.0322984
-0.0322941
-0.0320139
-0.0315406
-0.0309374
-0.0302868
-0.029664
-0.0290704
-0.0285426
-0.0280635
-0.0276331
-0.0272682
-0.0269032
-0.0265918
-0.0263405
-0.0260649
-0.025811
-0.0255655
-0.0252657
-0.0249873
-0.0247189
-0.0244221
-0.024174
-0.0239138
-0.0236138
-0.0233258
-0.0230251
-0.0227343
-0.0224276
-0.0221291
-0.0218647
-0.0215158
-0.0211888
-0.0209427
-0.0205936
-0.0202366
-0.0199554
-0.0196324
-0.0193142
-0.0189633
-0.0185685
-0.0182912
-0.0179819
-0.0175363
-0.0171828
-0.0168773
-0.0164784
-0.0160884
-0.0157139
-0.0153046
-0.0149107
-0.014516
-0.0140897
-0.0136556
-0.0132227
-0.0127903
-0.0123428
-0.0118744
-0.0114036
-0.0109362
-0.0104482
-0.0099498
-0.00945033
-0.00894148
-0.00841737
-0.00789656
-0.00736355
-0.00683655
-0.00629768
-0.00578894
-0.00528345
-0.00485553
-0.00447523
-0.0331459
-0.0314818
-0.0296305
-0.0281386
-0.0271531
-0.0266092
-0.0263399
-0.0261954
-0.0260999
-0.0260622
-0.0261114
-0.0262754
-0.026554
-0.0269301
-0.0273612
-0.0277994
-0.0282047
-0.0285494
-0.0288406
-0.0291033
-0.0293875
-0.0297185
-0.0301097
-0.0305593
-0.0310422
-0.0315231
-0.0319236
-0.0321629
-0.0321651
-0.0319065
-0.0314582
-0.0308797
-0.0302481
-0.0296392
-0.0290561
-0.0285328
-0.0280577
-0.0276271
-0.0272608
-0.0269021
-0.0265914
-0.0263399
-0.0260665
-0.0258083
-0.0255615
-0.0252616
-0.0249826
-0.024717
-0.0244201
-0.0241708
-0.0239102
-0.0236103
-0.0233229
-0.0230206
-0.0227306
-0.022426
-0.0221252
-0.0218608
-0.021515
-0.0211862
-0.0209378
-0.0205911
-0.0202361
-0.0199538
-0.0196289
-0.0193111
-0.0189625
-0.0185677
-0.0182881
-0.0179791
-0.0175356
-0.0171818
-0.0168748
-0.0164765
-0.0160874
-0.0157126
-0.015303
-0.0149095
-0.0145149
-0.0140885
-0.0136546
-0.0132218
-0.0127895
-0.0123419
-0.0118737
-0.0114029
-0.0109357
-0.0104476
-0.0099493
-0.00944984
-0.00894108
-0.00841692
-0.00789621
-0.00736309
-0.00683612
-0.00629711
-0.0057881
-0.00528254
-0.00485215
-0.00447208
-0.0333645
-0.0317468
-0.0299173
-0.0284051
-0.027358
-0.026732
-0.0263858
-0.0261871
-0.0260647
-0.0260243
-0.0260878
-0.0262752
-0.0265754
-0.0269655
-0.027407
-0.027851
-0.0282545
-0.0285949
-0.0288863
-0.0291448
-0.0294171
-0.0297321
-0.0301006
-0.0305211
-0.0309664
-0.0314114
-0.031782
-0.0320037
-0.0320151
-0.0317836
-0.0313672
-0.0308191
-0.0302094
-0.0296149
-0.0290418
-0.0285227
-0.0280529
-0.0276234
-0.0272556
-0.026903
-0.0265919
-0.0263402
-0.0260695
-0.025805
-0.0255561
-0.0252569
-0.0249765
-0.0247149
-0.0244195
-0.0241674
-0.0239044
-0.023604
-0.0233195
-0.0230165
-0.0227258
-0.0224239
-0.0221193
-0.0218546
-0.0215155
-0.0211834
-0.0209295
-0.0205876
-0.0202363
-0.0199516
-0.0196237
-0.019306
-0.0189613
-0.0185674
-0.0182831
-0.0179741
-0.0175352
-0.0171808
-0.0168706
-0.0164734
-0.0160861
-0.0157106
-0.0153004
-0.0149073
-0.014513
-0.0140866
-0.0136528
-0.0132201
-0.012788
-0.0123404
-0.0118723
-0.0114017
-0.0109346
-0.0104464
-0.00994835
-0.00944888
-0.00894028
-0.00841607
-0.00789548
-0.00736225
-0.00683523
-0.00629617
-0.00578647
-0.00528111
-0.00484679
-0.00446666
-0.0335367
-0.0319929
-0.0302228
-0.0287145
-0.0276111
-0.0268903
-0.0264474
-0.0261784
-0.026021
-0.0259754
-0.0260555
-0.0262715
-0.0265995
-0.027008
-0.0274625
-0.0279134
-0.0283147
-0.0286495
-0.0289368
-0.0291873
-0.0294453
-0.0297423
-0.0300859
-0.030474
-0.0308796
-0.0312866
-0.0316279
-0.0318341
-0.0318554
-0.0316541
-0.0312736
-0.0307594
-0.0301759
-0.0295968
-0.0290318
-0.0285148
-0.0280468
-0.0276191
-0.0272525
-0.0269068
-0.0265951
-0.0263415
-0.026073
-0.0258012
-0.0255493
-0.0252515
-0.0249696
-0.0247123
-0.0244194
-0.0241651
-0.0238985
-0.0235952
-0.0233144
-0.0230126
-0.0227209
-0.0224215
-0.0221124
-0.0218471
-0.021516
-0.0211798
-0.0209196
-0.0205839
-0.0202366
-0.0199486
-0.0196174
-0.0192998
-0.01896
-0.0185673
-0.0182767
-0.0179674
-0.017535
-0.0171796
-0.0168647
-0.0164692
-0.0160845
-0.0157079
-0.0152968
-0.0149044
-0.0145105
-0.014084
-0.0136503
-0.0132179
-0.0127858
-0.0123382
-0.0118703
-0.0113999
-0.0109329
-0.0104448
-0.00994696
-0.00944746
-0.00893907
-0.00841484
-0.00789435
-0.00736104
-0.00683384
-0.00629485
-0.00578405
-0.00527904
-0.00483972
-0.00445925
-0.0336342
-0.0322125
-0.0305462
-0.0290708
-0.0279207
-0.0270937
-0.0265329
-0.0261757
-0.0259739
-0.0259208
-0.0260195
-0.0262686
-0.0266296
-0.0270615
-0.0275315
-0.0279887
-0.0283883
-0.0287157
-0.0289944
-0.029234
-0.029475
-0.0297511
-0.0300657
-0.0304195
-0.0307857
-0.0311552
-0.0314702
-0.0316629
-0.0316942
-0.0315225
-0.0311773
-0.0306991
-0.0301455
-0.0295842
-0.0290292
-0.0285118
-0.0280399
-0.0276114
-0.0272466
-0.0269118
-0.0266016
-0.0263422
-0.026075
-0.025797
-0.025542
-0.0252464
-0.0249619
-0.0247076
-0.024418
-0.0241625
-0.0238939
-0.0235866
-0.0233074
-0.0230075
-0.0227152
-0.0224184
-0.0221061
-0.0218396
-0.0215154
-0.0211751
-0.0209091
-0.0205805
-0.0202369
-0.0199446
-0.0196104
-0.0192931
-0.0189584
-0.018567
-0.0182692
-0.0179598
-0.0175352
-0.0171783
-0.0168577
-0.0164644
-0.016083
-0.0157048
-0.0152926
-0.014901
-0.0145076
-0.0140809
-0.0136474
-0.0132153
-0.0127834
-0.0123355
-0.011868
-0.0113978
-0.010931
-0.0104428
-0.00994526
-0.00944574
-0.00893755
-0.00841333
-0.0078929
-0.00735957
-0.00683205
-0.00629323
-0.00578099
-0.00527628
-0.00483148
-0.00445052
-0.0336396
-0.0324026
-0.0308865
-0.0294711
-0.0282782
-0.0273314
-0.0266321
-0.0261701
-0.0259161
-0.0258567
-0.0259793
-0.0262665
-0.026665
-0.027125
-0.0276121
-0.0280741
-0.0284715
-0.0287901
-0.0290572
-0.0292833
-0.0295037
-0.0297554
-0.0300386
-0.0303574
-0.0306856
-0.0310204
-0.0313116
-0.0314925
-0.0315347
-0.0313899
-0.0310776
-0.0306357
-0.0301121
-0.0295709
-0.0290294
-0.0285123
-0.0280352
-0.0276032
-0.0272361
-0.0269136
-0.0266086
-0.0263419
-0.0260748
-0.0257909
-0.0255337
-0.0252431
-0.0249547
-0.0247017
-0.0244149
-0.0241571
-0.0238886
-0.0235793
-0.0233005
-0.0230015
-0.0227076
-0.0224145
-0.0221002
-0.0218314
-0.0215143
-0.0211702
-0.0208975
-0.0205765
-0.0202371
-0.0199403
-0.019603
-0.0192856
-0.0189563
-0.018567
-0.0182614
-0.0179514
-0.0175353
-0.017177
-0.01685
-0.0164592
-0.0160814
-0.0157014
-0.0152879
-0.0148974
-0.0145046
-0.0140776
-0.0136442
-0.0132124
-0.0127807
-0.0123327
-0.0118654
-0.0113954
-0.0109289
-0.0104407
-0.00994335
-0.00944384
-0.00893583
-0.00841167
-0.00789121
-0.00735793
-0.00682993
-0.00629135
-0.00577742
-0.00527284
-0.00482261
-0.00444101
-0.0336937
-0.0325919
-0.0312552
-0.0299112
-0.0286613
-0.0275769
-0.0267244
-0.0261483
-0.02584
-0.0257795
-0.0259339
-0.0262643
-0.0267042
-0.0271955
-0.0277
-0.0281655
-0.0285589
-0.0288672
-0.0291202
-0.0293303
-0.0295264
-0.0297506
-0.0300035
-0.0302869
-0.0305791
-0.0308827
-0.0311504
-0.0313217
-0.0313746
-0.0312547
-0.0309745
-0.0305675
-0.0300729
-0.0295508
-0.0290229
-0.0285086
-0.028031
-0.0275985
-0.0272258
-0.0269105
-0.0266105
-0.0263398
-0.0260743
-0.0257818
-0.0255209
-0.0252383
-0.0249486
-0.0246972
-0.0244118
-0.0241492
-0.0238803
-0.0235711
-0.0232944
-0.0229948
-0.0226983
-0.0224111
-0.0220937
-0.0218203
-0.0215131
-0.0211666
-0.0208846
-0.0205709
-0.0202371
-0.019936
-0.0195955
-0.019277
-0.0189528
-0.0185674
-0.0182538
-0.0179416
-0.0175346
-0.0171758
-0.016842
-0.0164534
-0.0160796
-0.0156977
-0.0152827
-0.0148934
-0.0145014
-0.014074
-0.0136406
-0.0132092
-0.0127778
-0.0123296
-0.0118625
-0.0113928
-0.0109265
-0.0104383
-0.00994122
-0.00944178
-0.00893389
-0.00840986
-0.00788928
-0.00735617
-0.0068275
-0.00628926
-0.00577342
-0.00526873
-0.00481345
-0.00443093
-0.0338334
-0.0328493
-0.0316926
-0.0303908
-0.0290448
-0.0278009
-0.0267906
-0.0261021
-0.0257449
-0.0256918
-0.025887
-0.0262662
-0.0267517
-0.0272776
-0.027799
-0.0282661
-0.0286527
-0.0289474
-0.0291818
-0.0293728
-0.0295424
-0.0297377
-0.0299617
-0.0302102
-0.0304695
-0.0307442
-0.0309892
-0.0311513
-0.0312119
-0.0311153
-0.0308665
-0.0304948
-0.0300305
-0.0295254
-0.0290068
-0.0284951
-0.0280217
-0.0275951
-0.0272193
-0.0269062
-0.0266076
-0.0263348
-0.0260745
-0.0257737
-0.0255039
-0.0252274
-0.0249408
-0.0246942
-0.0244111
-0.0241419
-0.0238704
-0.0235607
-0.0232869
-0.0229875
-0.0226885
-0.0224084
-0.0220877
-0.0218073
-0.021511
-0.0211635
-0.0208708
-0.0205647
-0.0202373
-0.0199315
-0.0195876
-0.0192677
-0.0189486
-0.018568
-0.0182462
-0.0179307
-0.0175336
-0.017175
-0.0168333
-0.0164468
-0.0160777
-0.0156938
-0.0152771
-0.0148891
-0.0144978
-0.0140701
-0.0136367
-0.0132056
-0.0127746
-0.0123262
-0.0118594
-0.01139
-0.010924
-0.0104357
-0.00993887
-0.00943957
-0.00893174
-0.00840795
-0.00788711
-0.00735431
-0.00682474
-0.00628697
-0.005769
-0.00526398
-0.00480416
-0.00442026
-0.0340639
-0.0332861
-0.0322527
-0.0309011
-0.0293954
-0.0279688
-0.0268058
-0.026017
-0.025625
-0.0255922
-0.0258394
-0.0262759
-0.026814
-0.0273788
-0.0279165
-0.0283828
-0.0287589
-0.0290355
-0.0292449
-0.0294124
-0.0295544
-0.0297197
-0.0299139
-0.0301304
-0.0303609
-0.0306088
-0.0308337
-0.0309848
-0.0310485
-0.0309718
-0.0307522
-0.030418
-0.0299867
-0.0294982
-0.028987
-0.0284758
-0.0280042
-0.0275861
-0.0272117
-0.0269021
-0.0266071
-0.0263295
-0.026073
-0.0257683
-0.0254876
-0.025214
-0.0249285
-0.0246874
-0.0244117
-0.0241367
-0.023862
-0.0235502
-0.0232766
-0.0229808
-0.0226793
-0.0224027
-0.0220816
-0.0217959
-0.0215087
-0.0211596
-0.0208555
-0.0205579
-0.0202384
-0.0199268
-0.0195786
-0.019258
-0.0189448
-0.0185688
-0.0182376
-0.0179189
-0.0175333
-0.0171746
-0.0168236
-0.0164395
-0.0160761
-0.0156899
-0.015271
-0.0148843
-0.0144942
-0.0140661
-0.0136326
-0.0132019
-0.0127713
-0.0123227
-0.0118561
-0.0113871
-0.0109213
-0.010433
-0.00993637
-0.00943726
-0.00892942
-0.00840596
-0.0078847
-0.00735237
-0.00682167
-0.00628446
-0.00576417
-0.00525863
-0.00479478
-0.00440898
-0.0348845
-0.0340979
-0.032966
-0.0314075
-0.0296631
-0.0280343
-0.0267298
-0.0258638
-0.0254611
-0.0254695
-0.0257849
-0.0262906
-0.02689
-0.027498
-0.0280535
-0.0285176
-0.0288803
-0.0291362
-0.0293145
-0.0294505
-0.0295623
-0.0296944
-0.029856
-0.0300453
-0.0302536
-0.0304796
-0.0306881
-0.0308273
-0.0308891
-0.0308265
-0.0306318
-0.0303335
-0.0299358
-0.0294667
-0.0289668
-0.0284576
-0.0279841
-0.0275713
-0.0271983
-0.0268943
-0.0266097
-0.0263264
-0.0260678
-0.0257606
-0.0254725
-0.0252057
-0.0249168
-0.024674
-0.0244097
-0.0241313
-0.0238533
-0.0235399
-0.0232644
-0.0229751
-0.0226715
-0.0223934
-0.022073
-0.0217852
-0.0215067
-0.0211552
-0.0208393
-0.0205501
-0.0202388
-0.0199214
-0.0195689
-0.0192476
-0.0189408
-0.0185698
-0.0182277
-0.0179055
-0.0175331
-0.0171744
-0.0168127
-0.0164313
-0.0160744
-0.0156856
-0.0152642
-0.0148791
-0.0144903
-0.0140617
-0.013628
-0.0131978
-0.0127678
-0.0123188
-0.0118524
-0.0113839
-0.0109184
-0.01043
-0.00993357
-0.00943476
-0.00892682
-0.00840378
-0.007882
-0.00735023
-0.00681826
-0.0062816
-0.00575893
-0.00525264
-0.00478525
-0.00439708
-0.036332
-0.0353639
-0.0338252
-0.0318565
-0.0297907
-0.027944
-0.026515
-0.0256059
-0.0252273
-0.0253071
-0.0257116
-0.0263014
-0.0269705
-0.0276255
-0.0282032
-0.0286678
-0.029017
-0.0292523
-0.0293955
-0.0294901
-0.0295651
-0.0296574
-0.0297826
-0.0299476
-0.0301431
-0.0303547
-0.0305508
-0.0306816
-0.0307364
-0.0306828
-0.0305091
-0.03024
-0.0298735
-0.0294265
-0.0289418
-0.0284389
-0.0279672
-0.0275583
-0.0271848
-0.0268832
-0.0266085
-0.0263232
-0.0260607
-0.0257491
-0.0254545
-0.0251998
-0.0249126
-0.024662
-0.0244044
-0.024124
-0.0238422
-0.0235279
-0.0232518
-0.0229691
-0.0226643
-0.0223851
-0.022064
-0.0217719
-0.0215024
-0.0211506
-0.0208239
-0.0205431
-0.020238
-0.0199137
-0.0195591
-0.0192371
-0.0189353
-0.0185707
-0.0182183
-0.0178908
-0.017532
-0.0171742
-0.0168015
-0.0164226
-0.0160724
-0.0156809
-0.015257
-0.0148735
-0.014486
-0.014057
-0.013623
-0.0131933
-0.012764
-0.0123147
-0.0118484
-0.0113804
-0.0109152
-0.0104269
-0.00993046
-0.00943208
-0.00892394
-0.00840145
-0.00787903
-0.00734788
-0.00681457
-0.00627835
-0.00575336
-0.00524605
-0.00477552
-0.00438464
-0.038566
-0.037039
-0.0347597
-0.0321983
-0.0297337
-0.0276547
-0.0261251
-0.025215
-0.0249036
-0.0250885
-0.0256056
-0.0262962
-0.0270419
-0.027748
-0.0283532
-0.0288247
-0.0291632
-0.0293792
-0.0294875
-0.0295362
-0.0295668
-0.0296108
-0.0296924
-0.0298297
-0.0300178
-0.0302211
-0.030411
-0.0305406
-0.0305881
-0.0305423
-0.0303865
-0.0301407
-0.0298017
-0.029377
-0.0289062
-0.0284099
-0.0279465
-0.0275463
-0.0271772
-0.0268761
-0.0266037
-0.0263165
-0.0260503
-0.0257355
-0.0254316
-0.0251855
-0.0249096
-0.0246568
-0.0244008
-0.0241147
-0.0238294
-0.0235158
-0.0232378
-0.022959
-0.0226535
-0.0223779
-0.0220587
-0.0217573
-0.0214946
-0.0211448
-0.0208072
-0.0205358
-0.0202384
-0.0199052
-0.0195483
-0.0192261
-0.0189281
-0.0185706
-0.0182094
-0.0178757
-0.0175297
-0.0171734
-0.0167899
-0.0164134
-0.0160701
-0.0156758
-0.0152493
-0.0148675
-0.0144815
-0.0140521
-0.0136176
-0.0131884
-0.0127599
-0.0123104
-0.011844
-0.0113767
-0.0109118
-0.0104236
-0.00992708
-0.00942929
-0.00892082
-0.00839897
-0.00787584
-0.00734529
-0.00681067
-0.00627463
-0.0057475
-0.00523885
-0.00476551
-0.00437166
-0.0407713
-0.0387707
-0.0356777
-0.0324177
-0.0294928
-0.0271697
-0.025566
-0.0246976
-0.0244962
-0.0248158
-0.025468
-0.0262743
-0.0271023
-0.0278614
-0.0284953
-0.0289783
-0.0293096
-0.0295081
-0.0295866
-0.0295955
-0.0295794
-0.0295684
-0.0295981
-0.0296979
-0.0298727
-0.0300678
-0.0302583
-0.030395
-0.030443
-0.0304069
-0.0302657
-0.0300387
-0.0297219
-0.0293183
-0.0288609
-0.0283718
-0.0279172
-0.0275273
-0.0271719
-0.026874
-0.0266034
-0.0263105
-0.0260331
-0.0257204
-0.0254079
-0.0251627
-0.0248993
-0.0246505
-0.0244001
-0.0241039
-0.0238152
-0.0235089
-0.0232244
-0.0229455
-0.0226395
-0.0223665
-0.0220538
-0.0217444
-0.0214854
-0.0211398
-0.0207892
-0.0205235
-0.0202382
-0.0198995
-0.0195373
-0.0192133
-0.0189203
-0.0185705
-0.0181993
-0.0178592
-0.0175278
-0.0171732
-0.0167771
-0.016403
-0.0160675
-0.0156708
-0.015241
-0.0148606
-0.0144764
-0.014047
-0.0136118
-0.013183
-0.0127555
-0.0123058
-0.0118391
-0.0113727
-0.010908
-0.01042
-0.00992336
-0.00942633
-0.00891742
-0.00839628
-0.0078724
-0.00734234
-0.0068065
-0.0062703
-0.0057413
-0.00523096
-0.00475509
-0.00435819
-0.042967
-0.0404171
-0.0365069
-0.0325259
-0.0291169
-0.0265469
-0.0248899
-0.024096
-0.0240355
-0.0245116
-0.025315
-0.026246
-0.0271604
-0.0279703
-0.0286296
-0.0291234
-0.0294485
-0.0296301
-0.0296849
-0.0296644
-0.0296064
-0.0295419
-0.0295189
-0.029573
-0.0297196
-0.029901
-0.0300919
-0.0302399
-0.030299
-0.0302763
-0.030148
-0.0299337
-0.0296311
-0.0292457
-0.0288058
-0.0283321
-0.027887
-0.0275045
-0.027163
-0.0268672
-0.026604
-0.0263086
-0.0260122
-0.0257043
-0.0253885
-0.0251409
-0.0248842
-0.0246341
-0.0243953
-0.0240919
-0.0237968
-0.0235038
-0.0232135
-0.0229338
-0.0226291
-0.0223507
-0.0220427
-0.0217306
-0.0214747
-0.0211359
-0.0207751
-0.0205089
-0.0202325
-0.0198931
-0.0195276
-0.0191992
-0.0189116
-0.0185722
-0.018189
-0.0178396
-0.0175246
-0.0171741
-0.0167646
-0.016391
-0.0160636
-0.0156657
-0.0152331
-0.0148531
-0.0144705
-0.0140416
-0.0136057
-0.0131772
-0.0127507
-0.012301
-0.0118339
-0.0113686
-0.010904
-0.0104163
-0.00991932
-0.00942315
-0.00891373
-0.00839328
-0.00786869
-0.00733894
-0.00680207
-0.00626534
-0.00573475
-0.00522242
-0.00474424
-0.0043444
-0.0451137
-0.0419052
-0.0372056
-0.0325454
-0.0286738
-0.0258685
-0.0241695
-0.0234665
-0.0235617
-0.0242072
-0.0251675
-0.0262227
-0.0272236
-0.0280818
-0.0287642
-0.0292637
-0.0295792
-0.0297397
-0.0297712
-0.029724
-0.0296309
-0.0295259
-0.0294623
-0.0294747
-0.0295826
-0.0297424
-0.0299231
-0.0300749
-0.0301491
-0.0301451
-0.030034
-0.0298285
-0.0295323
-0.0291557
-0.0287324
-0.0282824
-0.0278564
-0.0274866
-0.0271554
-0.0268562
-0.0265957
-0.0263024
-0.02599
-0.0256857
-0.0253727
-0.025124
-0.024873
-0.0246143
-0.024381
-0.0240787
-0.0237759
-0.0234895
-0.0231972
-0.0229235
-0.0226256
-0.0223377
-0.0220283
-0.0217141
-0.021459
-0.021127
-0.0207637
-0.0204994
-0.0202248
-0.0198807
-0.0195168
-0.0191856
-0.0188999
-0.0185722
-0.0181812
-0.0178202
-0.0175176
-0.017173
-0.0167539
-0.0163798
-0.0160574
-0.015659
-0.0152252
-0.0148455
-0.0144639
-0.0140358
-0.0135992
-0.013171
-0.0127456
-0.0122958
-0.0118282
-0.011364
-0.0108996
-0.0104122
-0.00991487
-0.0094196
-0.0089097
-0.00838986
-0.00786472
-0.00733507
-0.00679737
-0.00625979
-0.00572784
-0.00521331
-0.00473299
-0.00433023
-0.0470433
-0.0431899
-0.0377735
-0.0325176
-0.0282399
-0.025224
-0.0234874
-0.0228727
-0.0231222
-0.023936
-0.0250461
-0.0262154
-0.0272976
-0.0282042
-0.0289104
-0.0294107
-0.0297099
-0.0298426
-0.0298445
-0.0297653
-0.0296389
-0.0295081
-0.0294205
-0.0294052
-0.029479
-0.0296136
-0.0297727
-0.0299141
-0.0299967
-0.030012
-0.0299237
-0.0297286
-0.0294373
-0.02906
-0.0286409
-0.0282117
-0.0278124
-0.0274674
-0.0271558
-0.0268582
-0.026588
-0.0262892
-0.0259647
-0.0256605
-0.0253544
-0.0251079
-0.0248684
-0.0246055
-0.0243646
-0.0240638
-0.0237591
-0.0234709
-0.0231717
-0.0229057
-0.0226201
-0.0223288
-0.0220195
-0.0217001
-0.0214393
-0.0211124
-0.0207508
-0.0204923
-0.0202198
-0.0198672
-0.0195043
-0.0191737
-0.0188865
-0.0185668
-0.0181734
-0.0178056
-0.0175102
-0.0171673
-0.0167422
-0.0163709
-0.0160513
-0.0156507
-0.0152166
-0.0148376
-0.0144568
-0.0140297
-0.013592
-0.0131641
-0.0127401
-0.0122904
-0.0118219
-0.011359
-0.0108949
-0.0104077
-0.00991009
-0.00941569
-0.00890548
-0.00838606
-0.00786059
-0.00733078
-0.0067924
-0.00625373
-0.00572049
-0.00520366
-0.00472122
-0.00431562
-0.0486829
-0.044248
-0.038226
-0.032479
-0.027869
-0.0246762
-0.0229066
-0.0223665
-0.0227548
-0.0237213
-0.0249655
-0.0262359
-0.0273904
-0.0283439
-0.0290715
-0.0295678
-0.029844
-0.0299446
-0.0299108
-0.0297934
-0.02963
-0.0294753
-0.0293701
-0.0293384
-0.0293923
-0.0295097
-0.0296514
-0.0297793
-0.0298605
-0.0298822
-0.0298109
-0.0296259
-0.0293425
-0.0289705
-0.0285494
-0.0281312
-0.0277526
-0.0274281
-0.0271455
-0.0268662
-0.0265884
-0.0262806
-0.0259407
-0.0256275
-0.0253269
-0.0250814
-0.0248575
-0.0246049
-0.0243554
-0.0240467
-0.02374
-0.0234575
-0.0231539
-0.022882
-0.0225997
-0.022311
-0.0220123
-0.0216907
-0.021417
-0.0210955
-0.0207403
-0.0204818
-0.0202096
-0.0198544
-0.0194928
-0.0191623
-0.0188751
-0.0185589
-0.0181601
-0.0177906
-0.0175057
-0.0171608
-0.0167273
-0.0163603
-0.0160454
-0.0156432
-0.0152075
-0.0148278
-0.0144486
-0.0140237
-0.0135843
-0.0131563
-0.0127339
-0.0122845
-0.0118151
-0.0113537
-0.0108898
-0.0104028
-0.0099051
-0.00941148
-0.00890116
-0.00838186
-0.00785629
-0.00732598
-0.00678701
-0.00624704
-0.00571251
-0.00519336
-0.00470885
-0.0043007
-0.0499861
-0.0450579
-0.0385628
-0.0324374
-0.0275743
-0.0242468
-0.0224567
-0.0219798
-0.0224843
-0.0235817
-0.0249438
-0.0263071
-0.0275237
-0.0285141
-0.0292498
-0.0297326
-0.0299798
-0.0300447
-0.029971
-0.0298115
-0.0296089
-0.0294232
-0.0292962
-0.0292497
-0.0292921
-0.0294057
-0.0295472
-0.029674
-0.0297532
-0.0297664
-0.029696
-0.0295114
-0.0292344
-0.0288815
-0.0284715
-0.0280658
-0.0276999
-0.0273782
-0.0271069
-0.0268476
-0.0265771
-0.0262772
-0.0259294
-0.0255975
-0.0252952
-0.0250422
-0.0248279
-0.0245966
-0.0243489
-0.0240332
-0.0237108
-0.0234345
-0.023151
-0.0228733
-0.0225757
-0.0222824
-0.0219961
-0.0216791
-0.0213917
-0.0210738
-0.020733
-0.020473
-0.0201926
-0.0198381
-0.0194819
-0.0191489
-0.0188634
-0.0185545
-0.0181461
-0.0177701
-0.0174984
-0.0171573
-0.0167149
-0.0163457
-0.0160339
-0.0156363
-0.015201
-0.0148169
-0.0144382
-0.0140175
-0.0135768
-0.0131479
-0.0127272
-0.0122783
-0.0118078
-0.0113479
-0.0108846
-0.0103976
-0.00989987
-0.00940686
-0.00889656
-0.00837713
-0.00785159
-0.00732058
-0.00678107
-0.0062397
-0.00570387
-0.00518246
-0.00469598
-0.00428559
-0.0509258
-0.0456103
-0.038778
-0.0323855
-0.0273449
-0.023928
-0.0221348
-0.0217172
-0.0223173
-0.0235263
-0.0249948
-0.0264488
-0.0277207
-0.0287344
-0.0294617
-0.0299188
-0.0301287
-0.0301473
-0.0300235
-0.0298165
-0.0295777
-0.0293617
-0.0292108
-0.0291475
-0.029177
-0.0292891
-0.029438
-0.0295727
-0.0296601
-0.029668
-0.0295892
-0.0293935
-0.0291112
-0.0287752
-0.0283904
-0.0280141
-0.0276712
-0.0273526
-0.0270691
-0.0268061
-0.026539
-0.0262546
-0.0259184
-0.0255747
-0.0252708
-0.0250058
-0.0247884
-0.0245759
-0.0243304
-0.0240213
-0.0236853
-0.0233908
-0.0231323
-0.0228749
-0.0225717
-0.0222651
-0.0219735
-0.0216591
-0.021366
-0.0210511
-0.0207233
-0.020463
-0.0201745
-0.0198221
-0.0194721
-0.0191321
-0.0188448
-0.0185496
-0.0181398
-0.0177519
-0.017482
-0.0171488
-0.0167098
-0.0163353
-0.0160161
-0.015625
-0.0151964
-0.0148066
-0.0144258
-0.0140104
-0.013569
-0.0131392
-0.0127205
-0.0122718
-0.0118002
-0.0113417
-0.0108791
-0.0103918
-0.00989416
-0.00940154
-0.00889143
-0.00837174
-0.00784637
-0.00731466
-0.00677453
-0.00623192
-0.00569469
-0.0051712
-0.00468282
-0.00427009
-0.0515122
-0.0459184
-0.0388712
-0.0323124
-0.0271588
-0.023691
-0.0219082
-0.0215509
-0.0222357
-0.0235465
-0.0251169
-0.0266638
-0.0279944
-0.0290289
-0.0297418
-0.0301625
-0.0303201
-0.0302689
-0.0300722
-0.0298044
-0.02953
-0.0292919
-0.0291241
-0.0290481
-0.0290685
-0.0291727
-0.0293197
-0.0294568
-0.0295578
-0.0295732
-0.0294842
-0.0292749
-0.0289759
-0.0286415
-0.0282821
-0.027949
-0.0276491
-0.0273525
-0.0270639
-0.0267804
-0.0264938
-0.0262045
-0.0258836
-0.0255485
-0.0252521
-0.0249813
-0.0247533
-0.0245487
-0.0242963
-0.0239969
-0.0236727
-0.0233528
-0.0230847
-0.0228458
-0.0225696
-0.0222699
-0.0219589
-0.0216327
-0.021338
-0.021036
-0.0207218
-0.020447
-0.0201445
-0.0198056
-0.0194685
-0.0191176
-0.0188198
-0.0185332
-0.0181326
-0.0177429
-0.0174636
-0.0171284
-0.0167037
-0.0163322
-0.0159986
-0.0156099
-0.0151908
-0.0147961
-0.014413
-0.0140032
-0.0135606
-0.0131291
-0.0127131
-0.0122651
-0.0117921
-0.0113348
-0.010873
-0.0103852
-0.00988795
-0.00939565
-0.00888591
-0.0083659
-0.00784076
-0.00730835
-0.00676755
-0.00622379
-0.00568501
-0.0051595
-0.00466905
-0.00425404
-0.0517854
-0.0460137
-0.0388531
-0.0322151
-0.0270043
-0.0235141
-0.0217473
-0.0214495
-0.0222158
-0.023625
-0.0252941
-0.0269343
-0.0283339
-0.0294009
-0.0301083
-0.0304866
-0.0305762
-0.0304324
-0.0301421
-0.0297958
-0.029474
-0.0292085
-0.0290263
-0.0289465
-0.0289719
-0.0290735
-0.0292123
-0.0293482
-0.0294513
-0.0294674
-0.029359
-0.029137
-0.0288251
-0.028484
-0.0281485
-0.0278566
-0.0276047
-0.0273419
-0.0270697
-0.0267776
-0.0264643
-0.026155
-0.0258375
-0.0255196
-0.0252331
-0.0249612
-0.0247238
-0.0245153
-0.0242564
-0.0239605
-0.0236583
-0.0233384
-0.0230463
-0.0227924
-0.0225371
-0.0222684
-0.0219549
-0.0216064
-0.0212979
-0.021016
-0.0207349
-0.0204441
-0.0201049
-0.0197753
-0.0194657
-0.0191115
-0.0187978
-0.018508
-0.0181149
-0.0177362
-0.017451
-0.0171046
-0.0166915
-0.0163266
-0.0159813
-0.0155974
-0.0151871
-0.0147835
-0.0143979
-0.0139968
-0.0135531
-0.0131178
-0.0127038
-0.0122568
-0.0117833
-0.011327
-0.0108662
-0.0103781
-0.00988157
-0.00938971
-0.00888022
-0.0083599
-0.00783493
-0.00730176
-0.00676007
-0.00621486
-0.00567442
-0.0051468
-0.00465445
-0.00423792
-0.0518349
-0.0459766
-0.038782
-0.0321313
-0.0269045
-0.0234054
-0.0216451
-0.0213897
-0.0222245
-0.0237186
-0.025475
-0.0271993
-0.0286761
-0.0297936
-0.0305183
-0.030866
-0.030894
-0.0306638
-0.0302831
-0.02985
-0.0294554
-0.0291376
-0.0289249
-0.0288409
-0.0288762
-0.0289896
-0.0291306
-0.0292725
-0.0293643
-0.0293556
-0.0292164
-0.0289749
-0.0286592
-0.028312
-0.0280004
-0.0277431
-0.0275294
-0.0273049
-0.0270565
-0.0267703
-0.0264383
-0.0261119
-0.0257926
-0.02549
-0.0252193
-0.0249532
-0.0247081
-0.0244771
-0.0242103
-0.0239203
-0.0236313
-0.0233274
-0.0230312
-0.0227635
-0.0225002
-0.0222381
-0.0219423
-0.0215859
-0.0212491
-0.0209709
-0.0207282
-0.0204533
-0.0200831
-0.0197353
-0.019449
-0.0191084
-0.0187836
-0.0184851
-0.0180954
-0.0177263
-0.0174365
-0.0170849
-0.0166853
-0.0163172
-0.0159539
-0.0155832
-0.0151886
-0.0147711
-0.014378
-0.0139869
-0.0135457
-0.0131074
-0.0126942
-0.0122472
-0.0117737
-0.0113192
-0.0108595
-0.0103707
-0.00987485
-0.0093834
-0.00887407
-0.00835357
-0.00782837
-0.00729438
-0.00675144
-0.00620497
-0.00566312
-0.00513362
-0.0046398
-0.0042217
-0.0518069
-0.0459406
-0.0387626
-0.0321289
-0.0269003
-0.0233847
-0.0216073
-0.021358
-0.0222307
-0.0237796
-0.0256007
-0.0273887
-0.028938
-0.0301169
-0.0308819
-0.0312303
-0.0312288
-0.0309509
-0.0305057
-0.0299959
-0.0295131
-0.0291258
-0.0288682
-0.0287692
-0.0288002
-0.028921
-0.0290736
-0.0292227
-0.0293025
-0.0292581
-0.0290901
-0.0288227
-0.0284986
-0.028149
-0.0278532
-0.0276224
-0.0274309
-0.0272453
-0.0270188
-0.0267394
-0.0263968
-0.0260521
-0.0257295
-0.0254385
-0.0251988
-0.0249604
-0.0247178
-0.0244499
-0.0241571
-0.0238753
-0.0235933
-0.0233041
-0.023012
-0.0227505
-0.0224942
-0.0222052
-0.0219091
-0.0215699
-0.0212175
-0.0209254
-0.0206854
-0.0204333
-0.0200745
-0.0197027
-0.0194174
-0.0191022
-0.0187733
-0.0184605
-0.0180796
-0.0177208
-0.0174149
-0.0170599
-0.0166894
-0.0163161
-0.0159185
-0.0155582
-0.0151892
-0.0147621
-0.0143578
-0.0139728
-0.0135347
-0.0130966
-0.0126858
-0.0122381
-0.0117641
-0.0113115
-0.0108526
-0.0103628
-0.00986744
-0.00937623
-0.00886676
-0.00834587
-0.00782045
-0.00728604
-0.0067422
-0.00619502
-0.00565178
-0.00512052
-0.00462498
-0.00420477
-0.0518439
-0.046027
-0.038886
-0.0322646
-0.0270293
-0.0234866
-0.0216755
-0.0213981
-0.0222672
-0.0238262
-0.0256701
-0.0274845
-0.0290711
-0.030296
-0.0311023
-0.0314814
-0.0314889
-0.0312093
-0.0307372
-0.0301808
-0.0296328
-0.0291911
-0.0288985
-0.0287737
-0.0287828
-0.0288894
-0.0290464
-0.0291904
-0.0292596
-0.0291903
-0.0289992
-0.028706
-0.0283648
-0.0280247
-0.0277423
-0.0275287
-0.0273388
-0.0271676
-0.0269513
-0.0266735
-0.0263403
-0.0259853
-0.0256531
-0.0253569
-0.0251347
-0.0249302
-0.0247117
-0.0244357
-0.0241145
-0.0238339
-0.0235499
-0.0232663
-0.0229829
-0.0227181
-0.0224877
-0.0221889
-0.021867
-0.0215465
-0.0212066
-0.020917
-0.0206549
-0.020383
-0.0200526
-0.0196833
-0.019381
-0.0190871
-0.018763
-0.0184291
-0.0180589
-0.0177186
-0.0173883
-0.0170201
-0.0166882
-0.0163248
-0.0158915
-0.0155292
-0.0151814
-0.0147513
-0.0143425
-0.0139625
-0.0135227
-0.0130829
-0.0126762
-0.0122291
-0.0117543
-0.0113025
-0.010844
-0.0103539
-0.0098592
-0.00936828
-0.00885846
-0.00833772
-0.00781267
-0.00727782
-0.00673309
-0.00618455
-0.00563969
-0.00510645
-0.00460901
-0.00418758
-0.0520774
-0.0463443
-0.0392396
-0.0326142
-0.0273629
-0.023792
-0.0219415
-0.0216119
-0.0224277
-0.0239382
-0.0257399
-0.0275231
-0.0290883
-0.0303156
-0.0311394
-0.0315535
-0.0315937
-0.0313429
-0.0308847
-0.0303265
-0.0297663
-0.0293034
-0.0289908
-0.0288351
-0.028819
-0.0289057
-0.0290573
-0.029186
-0.0292339
-0.0291447
-0.0289259
-0.0286107
-0.0282568
-0.0279411
-0.0276841
-0.0274881
-0.0272966
-0.0271068
-0.0268736
-0.0265783
-0.0262638
-0.0259237
-0.0255951
-0.0252901
-0.0250501
-0.0248481
-0.0246389
-0.0243889
-0.0240743
-0.02379
-0.0235043
-0.023217
-0.0229536
-0.0226844
-0.0224528
-0.0221637
-0.0218244
-0.0215049
-0.0211791
-0.0209176
-0.0206623
-0.0203473
-0.020022
-0.0196772
-0.0193528
-0.0190595
-0.0187467
-0.0183974
-0.0180363
-0.0177143
-0.0173601
-0.016974
-0.0166699
-0.0163215
-0.0158718
-0.0155102
-0.0151721
-0.0147351
-0.014325
-0.0139541
-0.0135156
-0.0130717
-0.0126635
-0.0122162
-0.0117428
-0.0112926
-0.0108338
-0.0103433
-0.00985002
-0.00936033
-0.00885079
-0.00833046
-0.00780497
-0.0072691
-0.00672289
-0.00617267
-0.00562649
-0.00509126
-0.00459254
-0.00417064
-0.0526424
-0.0470093
-0.0399367
-0.0333052
-0.0280374
-0.0244408
-0.0225436
-0.0221373
-0.022847
-0.0242406
-0.0259251
-0.0276054
-0.0290828
-0.0302501
-0.0310438
-0.0314583
-0.0315201
-0.0313019
-0.0308889
-0.0303766
-0.0298581
-0.029407
-0.0290825
-0.0288967
-0.0288567
-0.0289262
-0.0290589
-0.0291672
-0.029186
-0.0290804
-0.0288434
-0.0285223
-0.0281715
-0.027874
-0.0276389
-0.0274563
-0.0272787
-0.027077
-0.0268232
-0.0264991
-0.0261788
-0.0258531
-0.025553
-0.0252785
-0.0250238
-0.0248036
-0.0245574
-0.0242939
-0.0240047
-0.0237191
-0.0234439
-0.0231651
-0.0229192
-0.0226648
-0.0224079
-0.0221128
-0.0217755
-0.0214548
-0.0211347
-0.0208882
-0.0206556
-0.0203183
-0.019982
-0.0196703
-0.0193433
-0.0190385
-0.018724
-0.0183606
-0.0180166
-0.0177136
-0.0173376
-0.0169436
-0.0166519
-0.0162961
-0.0158435
-0.0154986
-0.015166
-0.0147183
-0.0143026
-0.0139353
-0.0135038
-0.0130633
-0.0126512
-0.0122005
-0.0117306
-0.0112837
-0.0108243
-0.0103337
-0.00984196
-0.00935253
-0.00884221
-0.00832142
-0.0077954
-0.00725877
-0.00671131
-0.00616037
-0.00561299
-0.00507633
-0.00457673
-0.00415326
-0.0535453
-0.0480418
-0.0410448
-0.0344762
-0.0292506
-0.0256641
-0.0237281
-0.0232227
-0.0237728
-0.0249679
-0.0264388
-0.0279132
-0.0292063
-0.0302217
-0.0309073
-0.0312576
-0.0313012
-0.031102
-0.0307471
-0.030313
-0.0298717
-0.0294664
-0.0291495
-0.0289452
-0.0288663
-0.0288883
-0.0289618
-0.0290294
-0.0290247
-0.0289197
-0.0287015
-0.0284093
-0.0280903
-0.0278065
-0.0275759
-0.0273852
-0.0272134
-0.0270165
-0.0267671
-0.026444
-0.02611
-0.0257836
-0.0255043
-0.0252763
-0.0250402
-0.0248249
-0.0245522
-0.0242319
-0.0239387
-0.0236474
-0.0233749
-0.0231109
-0.0228704
-0.0226383
-0.0223645
-0.0220534
-0.0217212
-0.021404
-0.0211095
-0.0208602
-0.0206099
-0.0202644
-0.0199241
-0.0196388
-0.0193281
-0.0190264
-0.0187086
-0.0183173
-0.0179826
-0.0177022
-0.0173129
-0.0169354
-0.0166614
-0.0162705
-0.0158053
-0.015484
-0.0151546
-0.0147033
-0.014288
-0.013911
-0.0134791
-0.0130506
-0.0126399
-0.0121848
-0.0117181
-0.0112745
-0.0108143
-0.0103243
-0.00983374
-0.00934328
-0.00883146
-0.00831097
-0.00778534
-0.00724781
-0.0066998
-0.00614803
-0.00559954
-0.00506177
-0.00456035
-0.00413513
-0.0544252
-0.0492031
-0.0425012
-0.0362384
-0.0312568
-0.0278094
-0.0258854
-0.0252576
-0.0255675
-0.0264395
-0.0275507
-0.028667
-0.0296368
-0.0303794
-0.0308598
-0.0310759
-0.0310583
-0.03086
-0.0305536
-0.0301986
-0.0298429
-0.0295144
-0.0292406
-0.0290381
-0.0289049
-0.028831
-0.0287931
-0.0287701
-0.028717
-0.0286027
-0.0284183
-0.0281913
-0.0279524
-0.0277251
-0.0275179
-0.0273108
-0.0271083
-0.0268866
-0.0266334
-0.0263399
-0.0260213
-0.025713
-0.0254438
-0.0252235
-0.0250091
-0.0248137
-0.0245589
-0.0242187
-0.0239064
-0.0236046
-0.0233251
-0.0230693
-0.0228256
-0.0226031
-0.0223235
-0.0220036
-0.0216684
-0.0213402
-0.0210916
-0.0208621
-0.0205727
-0.0202183
-0.0198733
-0.0195863
-0.0192817
-0.0189891
-0.0186939
-0.0182935
-0.0179468
-0.0176702
-0.0172654
-0.0169111
-0.0166743
-0.0162567
-0.0157733
-0.015469
-0.015135
-0.0146826
-0.0142805
-0.0138969
-0.013459
-0.0130386
-0.0126263
-0.0121671
-0.0117073
-0.0112662
-0.0107998
-0.0103084
-0.00982188
-0.00933282
-0.00882033
-0.00830039
-0.00777517
-0.00723728
-0.00668868
-0.0061354
-0.00558567
-0.0050456
-0.00454242
-0.00411752
-0.0542095
-0.0497852
-0.0439992
-0.0385843
-0.0342473
-0.0311834
-0.0293608
-0.0285686
-0.0285099
-0.0288859
-0.0294553
-0.0300447
-0.0305462
-0.0309002
-0.0310857
-0.0311087
-0.0309935
-0.0307767
-0.0304982
-0.0302005
-0.0299152
-0.0296626
-0.029443
-0.0292473
-0.0290637
-0.0288875
-0.0287206
-0.0285612
-0.0283972
-0.0282228
-0.0280445
-0.0278826
-0.0277433
-0.027603
-0.0274462
-0.0272398
-0.0269934
-0.026722
-0.0264419
-0.0261722
-0.0258874
-0.0256113
-0.0253586
-0.0251286
-0.0249239
-0.0247282
-0.0244826
-0.0241605
-0.0238418
-0.0235315
-0.0232575
-0.0230343
-0.0228096
-0.0225814
-0.0222858
-0.0219563
-0.0216231
-0.0212841
-0.0210645
-0.0208554
-0.0205339
-0.0201866
-0.0198475
-0.0195456
-0.0192404
-0.0189314
-0.0186515
-0.0182907
-0.0179359
-0.0176318
-0.0172159
-0.0168718
-0.0166492
-0.0162283
-0.0157519
-0.0154556
-0.0151062
-0.0146537
-0.0142663
-0.0138801
-0.0134456
-0.0130377
-0.012617
-0.0121458
-0.0116936
-0.0112594
-0.0107878
-0.0102937
-0.00981014
-0.00932222
-0.00880915
-0.00828943
-0.0077645
-0.0072258
-0.00667553
-0.00612099
-0.00556961
-0.00502827
-0.00452537
-0.00410038
-0.0512273
-0.0486693
-0.044882
-0.0411821
-0.0381001
-0.0357713
-0.0341664
-0.0331558
-0.032577
-0.032274
-0.0321256
-0.0320425
-0.0319635
-0.0318511
-0.0316915
-0.031492
-0.0312645
-0.0310181
-0.0307554
-0.03049
-0.0302384
-0.0300121
-0.0298
-0.0295873
-0.029365
-0.0291255
-0.0288609
-0.0285683
-0.028273
-0.0280109
-0.0278056
-0.0276566
-0.027553
-0.0274561
-0.0273272
-0.0271316
-0.0268632
-0.0265597
-0.0262624
-0.0259993
-0.0257447
-0.0254948
-0.0252528
-0.0250289
-0.0248328
-0.0246151
-0.0243596
-0.0240603
-0.0237392
-0.023416
-0.0231368
-0.0229481
-0.022774
-0.0225535
-0.0222461
-0.0219011
-0.0215744
-0.021255
-0.0210406
-0.0208172
-0.0204619
-0.0201269
-0.0198235
-0.0195297
-0.019234
-0.0188918
-0.0185819
-0.018276
-0.0179384
-0.0175878
-0.0171864
-0.0168709
-0.0166083
-0.0161669
-0.015731
-0.0154457
-0.0150729
-0.0146273
-0.0142481
-0.0138448
-0.0134161
-0.0130328
-0.0126087
-0.0121215
-0.0116718
-0.0112468
-0.0107773
-0.010284
-0.00980172
-0.00931353
-0.00879974
-0.0082799
-0.00775395
-0.00721301
-0.00666131
-0.00610608
-0.00555417
-0.00501341
-0.00450914
-0.00408111
-0.0450593
-0.045058
-0.0442989
-0.0432635
-0.0420989
-0.0408558
-0.0395823
-0.0383296
-0.037146
-0.0360672
-0.0351173
-0.034301
-0.0336118
-0.0330326
-0.0325511
-0.0321568
-0.0318332
-0.0315556
-0.0312923
-0.0310335
-0.0307755
-0.0305253
-0.0302741
-0.0300173
-0.0297526
-0.0294604
-0.0291261
-0.0287452
-0.0283714
-0.0280552
-0.0278119
-0.0276311
-0.0274965
-0.0273885
-0.0272493
-0.027043
-0.026763
-0.0264387
-0.026124
-0.0258415
-0.0255932
-0.0253723
-0.0251577
-0.0249604
-0.0247638
-0.0245071
-0.0242315
-0.023955
-0.0236496
-0.023343
-0.0230657
-0.0228546
-0.0226769
-0.0224611
-0.0221683
-0.0218242
-0.0215054
-0.0212252
-0.0209979
-0.0207488
-0.0204046
-0.0200729
-0.0197773
-0.0194973
-0.0192207
-0.018873
-0.0185266
-0.0182496
-0.0179422
-0.0175384
-0.0171445
-0.0168904
-0.0165908
-0.0161026
-0.0157065
-0.0154427
-0.0150505
-0.0146144
-0.014242
-0.0138161
-0.013382
-0.0130107
-0.0125871
-0.0121002
-0.011656
-0.0112286
-0.010756
-0.0102683
-0.00979145
-0.009302
-0.0087858
-0.00826576
-0.00774027
-0.00720008
-0.00664953
-0.00609416
-0.00554176
-0.00499847
-0.00449172
-0.00406343
-0.0348582
-0.0385248
-0.0418941
-0.0441025
-0.0450606
-0.0449204
-0.0439585
-0.0424831
-0.0407723
-0.0390375
-0.0374257
-0.0360189
-0.0348561
-0.0339382
-0.0332425
-0.0327302
-0.0323461
-0.0320378
-0.0317588
-0.0314912
-0.0312248
-0.0309535
-0.0306682
-0.0303603
-0.0300308
-0.0296695
-0.0292818
-0.028883
-0.0285092
-0.0281866
-0.0279171
-0.0277045
-0.0275392
-0.0273967
-0.0272173
-0.0269796
-0.0267014
-0.0263957
-0.0260853
-0.0257681
-0.0254756
-0.0252354
-0.0250432
-0.0248906
-0.0246986
-0.0244229
-0.0241257
-0.0238307
-0.0235321
-0.0232682
-0.0230478
-0.0228359
-0.0226001
-0.0223355
-0.0220432
-0.0217154
-0.0214194
-0.0211874
-0.0209319
-0.0206322
-0.0203395
-0.0200412
-0.0197294
-0.0194478
-0.0191655
-0.0188267
-0.0184926
-0.0182122
-0.0178958
-0.0174734
-0.0171002
-0.0168908
-0.016578
-0.0160656
-0.0156806
-0.0154171
-0.0150275
-0.0146109
-0.014231
-0.0137893
-0.0133683
-0.0130014
-0.0125611
-0.0120787
-0.0116536
-0.0112239
-0.010739
-0.0102505
-0.00977613
-0.00928468
-0.00876823
-0.00825009
-0.00772589
-0.00718637
-0.00663582
-0.00607904
-0.00552411
-0.00497928
-0.00447396
-0.00404847
-0.0287879
-0.0340984
-0.0395177
-0.0434988
-0.0457133
-0.0462534
-0.0455001
-0.0439329
-0.0419776
-0.0399517
-0.0380631
-0.0364286
-0.035099
-0.0340745
-0.0333202
-0.0327735
-0.032365
-0.0320316
-0.0317365
-0.0314648
-0.0312059
-0.0309426
-0.0306508
-0.0303178
-0.0299434
-0.0295474
-0.0291599
-0.0288063
-0.0284873
-0.0281877
-0.0279141
-0.0276809
-0.0274816
-0.0272843
-0.0270562
-0.0268143
-0.026584
-0.0263589
-0.0261198
-0.0258202
-0.0254824
-0.0251671
-0.0249236
-0.0247666
-0.0245942
-0.0243608
-0.0240762
-0.0237331
-0.0234032
-0.0231474
-0.0229748
-0.0228192
-0.0225736
-0.0222511
-0.0219221
-0.0216136
-0.0213713
-0.0211713
-0.020875
-0.020521
-0.0202574
-0.0200012
-0.0196969
-0.0194199
-0.0191017
-0.0187352
-0.0184454
-0.0181875
-0.0178251
-0.0173853
-0.0170563
-0.0168649
-0.0165439
-0.0160581
-0.0156708
-0.0153592
-0.0149789
-0.0145977
-0.0141926
-0.0137355
-0.0133585
-0.0130115
-0.0125431
-0.0120513
-0.0116433
-0.0112166
-0.0107233
-0.0102363
-0.00976636
-0.00927431
-0.00875804
-0.00824249
-0.0077179
-0.00717473
-0.00662027
-0.00606156
-0.00550644
-0.00496374
-0.00445765
-0.0040275
-0.0289921
-0.0336402
-0.0383321
-0.0417593
-0.0436492
-0.044082
-0.043374
-0.0419477
-0.0401914
-0.0383982
-0.0367531
-0.0353492
-0.0342189
-0.0333466
-0.0326917
-0.0321873
-0.0317741
-0.0314106
-0.0310878
-0.0308101
-0.0305689
-0.0303433
-0.0300968
-0.0298059
-0.0294612
-0.0290904
-0.0287396
-0.0284408
-0.0281875
-0.0279497
-0.0277183
-0.0274842
-0.0272388
-0.0269793
-0.0267286
-0.0265132
-0.0263258
-0.0261528
-0.0259704
-0.0257396
-0.0254494
-0.0251324
-0.0248496
-0.0246341
-0.0244505
-0.0242522
-0.0239774
-0.0236229
-0.0233122
-0.0230953
-0.0229264
-0.0227447
-0.0224714
-0.0221237
-0.0217944
-0.0215445
-0.0213765
-0.0211679
-0.0208088
-0.0204437
-0.0202107
-0.0199635
-0.0196397
-0.0193405
-0.0190169
-0.018671
-0.0184241
-0.0181834
-0.0177848
-0.0173362
-0.017042
-0.0168174
-0.0164546
-0.0160382
-0.0156862
-0.0153008
-0.0149137
-0.0145908
-0.0141679
-0.0136783
-0.0133347
-0.0130117
-0.0125236
-0.0120221
-0.0116202
-0.0111889
-0.0106924
-0.0102186
-0.00976171
-0.00926853
-0.00874558
-0.00822772
-0.0077039
-0.00716161
-0.00660839
-0.00605084
-0.00549673
-0.00495191
-0.00444293
-0.00401193
-0.0362398
-0.0376837
-0.038865
-0.0395199
-0.0395866
-0.0391285
-0.0382766
-0.0371958
-0.0360433
-0.034946
-0.0339795
-0.0331753
-0.0325306
-0.03202
-0.0316011
-0.0312185
-0.0308368
-0.0304528
-0.0301
-0.0298042
-0.029567
-0.0293664
-0.0291712
-0.0289589
-0.02871
-0.0284417
-0.0281838
-0.0279577
-0.0277558
-0.0275608
-0.0273663
-0.0271466
-0.0268969
-0.0266285
-0.0263855
-0.0261869
-0.0260002
-0.0258248
-0.0256361
-0.0254293
-0.0252116
-0.0249736
-0.0247394
-0.0244979
-0.0242727
-0.0240552
-0.0237795
-0.0235004
-0.0232669
-0.0230659
-0.0228711
-0.0226267
-0.0223266
-0.0219973
-0.0216933
-0.0214899
-0.0213499
-0.021112
-0.020729
-0.0203791
-0.020145
-0.0198979
-0.0195935
-0.019265
-0.0189206
-0.0186233
-0.018396
-0.0181278
-0.0177282
-0.0173252
-0.0170751
-0.0167962
-0.0163398
-0.0159564
-0.0156762
-0.0152645
-0.0148669
-0.0145937
-0.0141655
-0.0136389
-0.0133018
-0.0129846
-0.0124825
-0.0119899
-0.0116096
-0.0111776
-0.0106692
-0.0101932
-0.00974303
-0.00925449
-0.00872863
-0.00820441
-0.00768099
-0.00714535
-0.00659628
-0.00603695
-0.00547929
-0.00493263
-0.00442515
-0.0039972
-0.0456731
-0.0432054
-0.0400596
-0.0371896
-0.0349071
-0.0332591
-0.0321538
-0.0314551
-0.0310341
-0.030802
-0.0306871
-0.03064
-0.0306139
-0.0305662
-0.0304529
-0.0302359
-0.0299204
-0.0295447
-0.0291755
-0.0288464
-0.0285632
-0.028317
-0.0281044
-0.0279375
-0.027815
-0.0277395
-0.027684
-0.0275984
-0.0274341
-0.0271869
-0.0269097
-0.0266417
-0.0264122
-0.0262206
-0.0260566
-0.0259065
-0.0257417
-0.0255658
-0.0253559
-0.0251248
-0.0249195
-0.024737
-0.0245731
-0.0243585
-0.0240894
-0.0238046
-0.0235142
-0.0233329
-0.0232126
-0.0230286
-0.0227903
-0.0224778
-0.0221478
-0.0218647
-0.0216414
-0.0214958
-0.0213119
-0.0209793
-0.0205871
-0.0203072
-0.0201162
-0.0198617
-0.0195578
-0.0192302
-0.0188955
-0.0186387
-0.0183791
-0.0180202
-0.0176244
-0.017297
-0.0170933
-0.016797
-0.0162832
-0.0159014
-0.0156805
-0.0152684
-0.014834
-0.0145693
-0.0141545
-0.0136193
-0.013285
-0.012969
-0.0124559
-0.0119696
-0.0116072
-0.0111781
-0.0106631
-0.0101811
-0.009726
-0.00923923
-0.0087201
-0.00819894
-0.00767522
-0.00713874
-0.00658623
-0.00602278
-0.00546471
-0.00492021
-0.00441196
-0.0039818
-0.0513821
-0.0457597
-0.0396117
-0.0344272
-0.0306158
-0.0282049
-0.0269776
-0.0266103
-0.0267884
-0.0272668
-0.0278633
-0.0284579
-0.0289623
-0.0293118
-0.0294588
-0.0293884
-0.0291399
-0.0287821
-0.0283935
-0.0280128
-0.0276645
-0.0273652
-0.0271379
-0.0270079
-0.0269821
-0.0270501
-0.0271394
-0.0271474
-0.0270003
-0.0267093
-0.0263547
-0.0260273
-0.0257988
-0.0256772
-0.0256152
-0.0255421
-0.0254103
-0.0252187
-0.0249883
-0.0247708
-0.0246032
-0.0244685
-0.0243375
-0.0241415
-0.0238411
-0.0234688
-0.0231304
-0.0229809
-0.0229546
-0.0228812
-0.0226718
-0.0222651
-0.0218342
-0.0215703
-0.0214725
-0.0214414
-0.021234
-0.0208099
-0.0204138
-0.0201717
-0.0199839
-0.0197136
-0.0194059
-0.0191167
-0.0188551
-0.0186544
-0.0183443
-0.0178652
-0.0174609
-0.0172267
-0.0170663
-0.0167555
-0.0162221
-0.015849
-0.0156697
-0.015262
-0.0147748
-0.0144805
-0.014086
-0.0135823
-0.0132733
-0.0129652
-0.0124398
-0.0119443
-0.0115788
-0.0111431
-0.0106302
-0.0101628
-0.0097156
-0.00922803
-0.00870863
-0.00818593
-0.00765848
-0.00712271
-0.00657442
-0.00601357
-0.0054561
-0.00491035
-0.00439853
-0.00396323
-0.0537669
-0.0455952
-0.0382738
-0.0324215
-0.0282373
-0.0256796
-0.0244959
-0.0243213
-0.024787
-0.0255919
-0.0265081
-0.0273872
-0.0281217
-0.0286436
-0.0289101
-0.0289258
-0.0287429
-0.0284304
-0.0280559
-0.0276464
-0.0272386
-0.0268697
-0.0265921
-0.0264504
-0.0264603
-0.0266049
-0.026773
-0.0268319
-0.0266967
-0.0263907
-0.026001
-0.0256255
-0.0253715
-0.0252722
-0.0252845
-0.0252977
-0.0252085
-0.0249916
-0.0246969
-0.0244454
-0.0243038
-0.0242395
-0.0241709
-0.0239852
-0.0236478
-0.0232296
-0.0228877
-0.0227588
-0.0227344
-0.0226526
-0.0224351
-0.0220278
-0.0216232
-0.021415
-0.0213711
-0.0213704
-0.0211494
-0.0206704
-0.0202552
-0.0200453
-0.0198713
-0.0195853
-0.0192724
-0.0189988
-0.0187482
-0.0185635
-0.0182797
-0.0177844
-0.0173396
-0.0171135
-0.0170056
-0.0167392
-0.0161932
-0.0157666
-0.015576
-0.0152043
-0.0147343
-0.0144332
-0.0140325
-0.0135249
-0.013225
-0.0129398
-0.0124235
-0.0119189
-0.0115453
-0.0111039
-0.0105872
-0.0101303
-0.00970448
-0.00922811
-0.00869997
-0.00816117
-0.00762865
-0.00710348
-0.00656699
-0.00600808
-0.00544505
-0.00489617
-0.0043832
-0.00394044
)
;

boundaryField
{
    zeroGradientPlanes
    {
        type            zeroGradient;
    }
    inlet
    {
        type            zeroGradient;
    }
    plate
    {
        type            zeroGradient;
    }
    frontAndBack
    {
        type            empty;
    }
}


// ************************************************************************* //
