/*--------------------------------*- C++ -*----------------------------------*\
  =========                 |
  \\      /  F ield         | OpenFOAM: The Open Source CFD Toolbox
   \\    /   O peration     | Website:  https://openfoam.org
    \\  /    A nd           | Version:  6
     \\/     M anipulation  |
\*---------------------------------------------------------------------------*/
FoamFile
{
    version     2.0;
    format      ascii;
    class       volScalarField;
    location    "0.5";
    object      p;
}
// * * * * * * * * * * * * * * * * * * * * * * * * * * * * * * * * * * * * * //

dimensions      [0 2 -2 0 0 0 0];

internalField   nonuniform List<scalar> 
4800
(
-2.19897e-11
-4.50844e-05
3.68373e-05
0.000141724
0.000256709
0.000306731
0.000386143
0.000395987
0.000232385
-0.000264296
-0.00108426
-0.00196292
-0.00292138
-0.00408082
-0.00539283
-0.00676911
-0.00803217
-0.00903666
-0.00957617
-0.00950607
1.13157e-06
-4.40478e-05
3.54137e-05
0.000142691
0.000256602
0.000308396
0.00038501
0.000393599
0.000232895
-0.000260196
-0.00108005
-0.00196443
-0.00292464
-0.00408498
-0.00539079
-0.00676767
-0.00803582
-0.00903632
-0.00959727
-0.00956085
-1.78884e-08
-3.87571e-05
2.99614e-05
0.00014629
0.000254596
0.000315257
0.00037999
0.000384951
0.000235148
-0.000242739
-0.00106292
-0.00196674
-0.00293937
-0.00410104
-0.00539129
-0.00676414
-0.00803047
-0.00903317
-0.00963834
-0.00970505
-4.73563e-06
-2.87887e-05
2.1324e-05
0.00014973
0.000252817
0.000327859
0.000372524
0.000368715
0.000238747
-0.000211876
-0.0010279
-0.00196668
-0.00296567
-0.00412916
-0.00539954
-0.00675591
-0.00801622
-0.00904157
-0.00969974
-0.00990003
-1.01745e-05
-1.89021e-05
1.52241e-05
0.000147632
0.000252947
0.000343117
0.000367966
0.000346549
0.000240644
-0.000173663
-0.000976443
-0.00195698
-0.00298853
-0.00416195
-0.00541459
-0.00674658
-0.00801581
-0.0090816
-0.0098075
-0.0100833
-1.0934e-05
-1.42759e-05
1.58966e-05
0.0001384
0.00025111
0.000359659
0.00036964
0.000326422
0.000239647
-0.000137154
-0.000920727
-0.00192741
-0.00299113
-0.00418384
-0.00542805
-0.00675375
-0.0080582
-0.00915622
-0.00991684
-0.0102081
-7.26122e-06
-1.40164e-05
2.24122e-05
0.000127591
0.000242168
0.000375537
0.000376844
0.000320786
0.000235716
-0.000111802
-0.000869248
-0.00187535
-0.00296082
-0.00417485
-0.00543648
-0.00679513
-0.00815454
-0.00927324
-0.010018
-0.0102543
-1.00567e-05
-1.23411e-05
3.14715e-05
0.000121803
0.000226743
0.000384808
0.000389581
0.000334565
0.000234646
-9.52786e-05
-0.000823927
-0.00181098
-0.00289099
-0.0041301
-0.00544556
-0.0068747
-0.00828639
-0.00942461
-0.0101167
-0.0102712
-2.26902e-05
-8.50636e-06
4.12574e-05
0.000120583
0.00021574
0.000379413
0.000404919
0.000361724
0.000248191
-7.77495e-05
-0.000784478
-0.00173924
-0.00279144
-0.00406405
-0.00545938
-0.00696629
-0.00843896
-0.00959226
-0.0102212
-0.010353
-3.1492e-05
-7.95518e-06
5.22513e-05
0.000118064
0.000219659
0.000354947
0.000417172
0.000392792
0.00027994
-4.64375e-05
-0.000736511
-0.0016562
-0.00269209
-0.00399809
-0.0054724
-0.00705156
-0.00858578
-0.00976134
-0.0103384
-0.0103392
-3.02469e-05
-1.05117e-05
5.93061e-05
0.000111287
0.000237819
0.000323127
0.000421581
0.000415695
0.000323924
1.19854e-05
-0.000662946
-0.00156489
-0.00261127
-0.00394144
-0.00547231
-0.00711596
-0.00869455
-0.00991372
-0.0104943
-0.0102377
-2.67511e-05
-1.04381e-05
5.21226e-05
0.000108816
0.000259182
0.000304989
0.000410128
0.000426097
0.000373414
9.67405e-05
-0.000564294
-0.00146013
-0.00252907
-0.00388227
-0.00546077
-0.00714732
-0.00874774
-0.0100261
-0.010713
-0.0104758
-2.62195e-05
-7.7964e-06
3.35785e-05
0.000116439
0.000269455
0.000308513
0.00038922
0.000436216
0.000420064
0.000185621
-0.000449224
-0.00132885
-0.00242272
-0.00380825
-0.00543747
-0.00713482
-0.00875179
-0.0101067
-0.0108513
-0.0110409
-3.01639e-05
-7.18599e-06
1.91682e-05
0.000124616
0.000267738
0.000327574
0.000382876
0.000451359
0.000449587
0.000248639
-0.000328645
-0.00117655
-0.00228562
-0.00369877
-0.00536779
-0.00707627
-0.00873366
-0.0102894
-0.0112437
-0.0119073
-3.92499e-05
-8.17859e-06
1.93436e-05
0.000127934
0.000260607
0.000344196
0.000396917
0.000466071
0.000460376
0.000280035
-0.000218573
-0.00101675
-0.00211076
-0.00353797
-0.00523933
-0.00700867
-0.00875669
-0.0105678
-0.0119967
-0.0130656
-5.03026e-05
-5.60601e-06
3.37526e-05
0.000126195
0.000239468
0.000341979
0.000425021
0.00049093
0.000469833
0.000288927
-0.000142248
-0.000869722
-0.0019151
-0.00334667
-0.00508936
-0.00697624
-0.00893148
-0.0110294
-0.0129486
-0.0143695
-5.7744e-05
2.05698e-06
5.03511e-05
0.000111161
0.000201944
0.000335546
0.000466925
0.000525481
0.000472674
0.000274708
-0.000101331
-0.000749988
-0.00173585
-0.00316515
-0.00495782
-0.00699873
-0.00928066
-0.0116794
-0.0139661
-0.0156217
-5.93119e-05
9.12704e-06
5.21872e-05
8.43039e-05
0.000174809
0.000346235
0.000497878
0.000534304
0.000456213
0.000266304
-5.9364e-05
-0.000664981
-0.00163212
-0.00306817
-0.00490919
-0.0071191
-0.00972935
-0.0124124
-0.0149153
-0.0166543
-5.58665e-05
7.74448e-06
3.42815e-05
6.55294e-05
0.000179224
0.000360358
0.000483304
0.000504155
0.000444936
0.000296441
-2.80203e-05
-0.00067513
-0.00168465
-0.00312917
-0.00499668
-0.00736169
-0.0101836
-0.0130542
-0.0156264
-0.0173379
-4.9929e-05
-6.15034e-06
9.78322e-06
7.01452e-05
0.00020332
0.000350328
0.000425355
0.000455931
0.000441677
0.000312344
-8.81005e-05
-0.000830552
-0.00187897
-0.00330245
-0.00518479
-0.00764847
-0.0105581
-0.013489
-0.0160207
-0.017645
-4.66107e-05
-2.75257e-05
-1.28778e-06
9.22883e-05
0.00021639
0.000302525
0.000343182
0.000393168
0.000400214
0.000239332
-0.000252287
-0.00105504
-0.00211069
-0.00352256
-0.00546539
-0.0079898
-0.0108644
-0.013703
-0.0160897
-0.0175629
-4.82422e-05
-4.29409e-05
8.03626e-06
0.00010699
0.000188477
0.000217759
0.000253151
0.000314769
0.000302401
8.202e-05
-0.000460351
-0.00128589
-0.00238978
-0.00385674
-0.00587169
-0.00837214
-0.0110492
-0.0136295
-0.015772
-0.0170441
-5.0563e-05
-4.41816e-05
2.1818e-05
8.74166e-05
0.000113628
0.000124626
0.000182629
0.000230045
0.000155262
-0.000145747
-0.000736815
-0.00161457
-0.00279548
-0.0043057
-0.00627443
-0.00858805
-0.0109698
-0.0132365
-0.0151132
-0.0161961
-4.95995e-05
-3.79441e-05
1.67415e-05
3.12178e-05
2.90795e-05
6.75693e-05
0.000132632
0.000107873
-7.98905e-05
-0.00049261
-0.00116049
-0.00207839
-0.00322773
-0.00466527
-0.00647083
-0.00853828
-0.0106807
-0.0126869
-0.0142964
-0.0151859
-4.73176e-05
-3.73669e-05
-1.37941e-05
-2.9264e-05
-1.60972e-05
4.05434e-05
3.72922e-05
-0.000123102
-0.0004483
-0.000961459
-0.00165965
-0.00250701
-0.00352698
-0.00486484
-0.00652555
-0.00840598
-0.0103356
-0.0120442
-0.0133132
-0.0139854
-4.87141e-05
-4.81981e-05
-5.09068e-05
-5.79304e-05
-3.01863e-05
-3.14517e-05
-0.00017414
-0.00047382
-0.000882275
-0.00141124
-0.00205252
-0.0028109
-0.00380172
-0.00511122
-0.00663474
-0.00826
-0.00982502
-0.0111293
-0.0120825
-0.0126859
-5.64829e-05
-6.23555e-05
-7.06665e-05
-6.68196e-05
-8.14979e-05
-0.000200534
-0.000469886
-0.000825917
-0.00122606
-0.00172416
-0.00235618
-0.00319413
-0.00427385
-0.00549719
-0.00673792
-0.0079261
-0.00903255
-0.0100282
-0.0109347
-0.0117536
-6.75682e-05
-6.83768e-05
-8.02338e-05
-0.000107141
-0.000202222
-0.000412862
-0.000721227
-0.00105173
-0.0014537
-0.00201565
-0.0027934
-0.00379818
-0.00485937
-0.00582335
-0.00666934
-0.00744501
-0.00827693
-0.00924136
-0.0103399
-0.0114206
-7.75851e-05
-7.15639e-05
-0.000110079
-0.000190516
-0.000338543
-0.000571853
-0.000857255
-0.00120037
-0.00172437
-0.00244912
-0.00337752
-0.00438086
-0.00525214
-0.00593913
-0.0065239
-0.00716892
-0.00800619
-0.00907716
-0.0102825
-0.0113502
-8.90469e-05
-8.877e-05
-0.00016376
-0.00027157
-0.000435581
-0.000662925
-0.000958114
-0.00142224
-0.00210041
-0.00290675
-0.00379579
-0.00462112
-0.00533371
-0.00595209
-0.00657574
-0.00735868
-0.00832266
-0.00941991
-0.010499
-0.0113202
-0.000108296
-0.000122932
-0.000213864
-0.000325529
-0.000509817
-0.000751031
-0.00112413
-0.0017056
-0.00239036
-0.00311001
-0.00383472
-0.00454277
-0.00528592
-0.00607652
-0.00696229
-0.00795549
-0.00899429
-0.00999094
-0.0108476
-0.0114402
-0.000136051
-0.000162334
-0.000250174
-0.000380675
-0.000595648
-0.000870862
-0.00131121
-0.00186526
-0.00242402
-0.00302853
-0.00368247
-0.00445212
-0.00533954
-0.00634419
-0.00741682
-0.00844971
-0.0094091
-0.010272
-0.0110248
-0.0116126
-0.000167734
-0.000202629
-0.00029242
-0.00045773
-0.000680516
-0.000981731
-0.00139592
-0.00182887
-0.00231644
-0.00291834
-0.00363979
-0.00450219
-0.00542943
-0.00639183
-0.00728837
-0.00807566
-0.00882372
-0.00964062
-0.0105874
-0.0115852
-0.000200676
-0.000251145
-0.000352232
-0.000533275
-0.000737526
-0.00103757
-0.00136861
-0.00174825
-0.00226908
-0.00291317
-0.00366116
-0.00445669
-0.00521579
-0.00586817
-0.00637268
-0.00682334
-0.00738393
-0.00823145
-0.00948231
-0.0110884
-0.000237757
-0.000309168
-0.00041599
-0.000584507
-0.000777196
-0.00105088
-0.00133741
-0.00174291
-0.00225523
-0.00283802
-0.0034593
-0.00407362
-0.00464844
-0.00511936
-0.00551301
-0.00589167
-0.00635169
-0.00704385
-0.00811454
-0.00963309
-0.000283085
-0.000366129
-0.000471452
-0.00062695
-0.000820451
-0.00106224
-0.00135059
-0.00172908
-0.00213324
-0.00257294
-0.00304541
-0.00356871
-0.00416264
-0.0048129
-0.00550168
-0.00611806
-0.00655953
-0.00682405
-0.00708975
-0.00772834
-0.000328386
-0.000412095
-0.000525666
-0.000677507
-0.000863151
-0.00108181
-0.00134969
-0.00162514
-0.00193721
-0.0022985
-0.00275255
-0.00333738
-0.00407645
-0.00496141
-0.00591981
-0.00682853
-0.00752718
-0.00786722
-0.00791023
-0.00805682
-0.000371379
-0.000442399
-0.000579249
-0.000717706
-0.000901201
-0.00109658
-0.00131
-0.00151937
-0.00180643
-0.00216669
-0.00267027
-0.00334036
-0.00419341
-0.0052094
-0.00635519
-0.00762021
-0.00899327
-0.0104059
-0.0116482
-0.0123808
-0.000417283
-0.000464484
-0.000611406
-0.000738345
-0.000926709
-0.001116
-0.00128695
-0.00150901
-0.00176193
-0.00207667
-0.00253814
-0.00321397
-0.00420744
-0.00557482
-0.00736778
-0.00954194
-0.0119504
-0.0143294
-0.0163307
-0.0173851
-0.00044231
-0.000482576
-0.00061237
-0.000751292
-0.000937462
-0.0011292
-0.00130501
-0.00154288
-0.00175378
-0.0019905
-0.00235679
-0.00300166
-0.00413234
-0.005927
-0.00850469
-0.011797
-0.0154828
-0.0187477
-0.0203932
-0.0198739
-0.00874087
-0.00731148
-0.00625513
-0.00594147
-0.00626647
-0.00700294
-0.00788634
-0.00868763
-0.00932306
-0.00975176
-0.00999707
-0.0102111
-0.0105213
-0.0109613
-0.0114963
-0.0120685
-0.0126532
-0.0132829
-0.0138953
-0.0144967
-0.0151779
-0.0158894
-0.0166114
-0.0174368
-0.0184017
-0.0193232
-0.0200333
-0.0205599
-0.0209647
-0.0210898
-0.0209085
-0.0207713
-0.0206072
-0.0203005
-0.0201534
-0.0201079
-0.0201028
-0.0202465
-0.0203431
-0.0203772
-0.0205138
-0.0207187
-0.0209994
-0.0212749
-0.0213716
-0.0215142
-0.0218964
-0.0222077
-0.0223068
-0.0224642
-0.0227651
-0.0230349
-0.0231999
-0.0233838
-0.0236439
-0.0238699
-0.0240629
-0.0243035
-0.024532
-0.0247315
-0.0249627
-0.0251758
-0.0253645
-0.025598
-0.025828
-0.0260151
-0.0262371
-0.0264932
-0.0267075
-0.0269108
-0.0271555
-0.0274087
-0.0276388
-0.0278734
-0.0281289
-0.0283891
-0.0286475
-0.0289122
-0.029184
-0.0294619
-0.0297422
-0.0300303
-0.0303226
-0.0306214
-0.0309257
-0.0312349
-0.0315515
-0.031873
-0.0322008
-0.0325358
-0.0328736
-0.0332205
-0.0335679
-0.0339221
-0.0342742
-0.0346289
-0.0349685
-0.0353052
-0.0355874
-0.0358412
-0.00888277
-0.00753642
-0.0064487
-0.00608341
-0.00637928
-0.00708891
-0.00794748
-0.00873606
-0.00936268
-0.00978832
-0.0100355
-0.0102446
-0.0105521
-0.0109955
-0.0115266
-0.0120953
-0.0126843
-0.0133112
-0.013919
-0.0145175
-0.0151902
-0.0159026
-0.0166206
-0.0174257
-0.0183789
-0.0192971
-0.0200011
-0.0205191
-0.0209223
-0.0210569
-0.0208831
-0.0207523
-0.0205954
-0.0202921
-0.0201488
-0.0201047
-0.0200988
-0.0202431
-0.02034
-0.0203757
-0.0205138
-0.0207167
-0.0209966
-0.0212742
-0.0213709
-0.0215115
-0.0218939
-0.0222065
-0.0223051
-0.0224616
-0.0227633
-0.0230341
-0.0231987
-0.0233822
-0.0236429
-0.0238692
-0.0240619
-0.0243027
-0.0245315
-0.024731
-0.0249623
-0.0251756
-0.0253641
-0.0255978
-0.0258279
-0.0260149
-0.0262369
-0.0264932
-0.0267075
-0.0269107
-0.0271555
-0.0274088
-0.0276388
-0.0278734
-0.0281289
-0.0283891
-0.0286475
-0.0289122
-0.029184
-0.0294619
-0.0297422
-0.0300303
-0.0303226
-0.0306214
-0.0309257
-0.0312349
-0.0315515
-0.031873
-0.0322008
-0.0325358
-0.0328736
-0.0332205
-0.0335679
-0.0339221
-0.0342742
-0.034629
-0.0349686
-0.0353054
-0.0355878
-0.0358414
-0.00910471
-0.00786261
-0.0067293
-0.00627855
-0.00652538
-0.00719299
-0.00800763
-0.00877271
-0.00938791
-0.00980988
-0.0100647
-0.0102778
-0.0105876
-0.0110365
-0.0115651
-0.0121306
-0.0127251
-0.0133484
-0.0139482
-0.0145441
-0.0152074
-0.0159117
-0.016623
-0.017407
-0.0183331
-0.0192345
-0.0199309
-0.0204407
-0.0208367
-0.0209817
-0.0208303
-0.0207115
-0.0205641
-0.0202744
-0.0201387
-0.0200985
-0.0200944
-0.0202373
-0.0203338
-0.0203725
-0.0205149
-0.0207174
-0.0209932
-0.021271
-0.0213707
-0.0215111
-0.0218904
-0.022202
-0.0223027
-0.0224596
-0.0227594
-0.0230304
-0.0231965
-0.0233796
-0.0236399
-0.0238671
-0.0240601
-0.0243005
-0.0245293
-0.024729
-0.0249606
-0.0251741
-0.0253628
-0.0255967
-0.025827
-0.0260141
-0.0262361
-0.0264926
-0.026707
-0.0269103
-0.0271552
-0.0274085
-0.0276386
-0.0278732
-0.0281288
-0.028389
-0.0286474
-0.0289121
-0.0291839
-0.0294619
-0.0297422
-0.0300303
-0.0303226
-0.0306214
-0.0309257
-0.0312349
-0.0315515
-0.0318731
-0.0322008
-0.0325359
-0.0328736
-0.0332206
-0.0335679
-0.0339222
-0.0342742
-0.0346291
-0.0349687
-0.0353056
-0.0355892
-0.0358426
-0.00935063
-0.00820267
-0.00703504
-0.00649758
-0.00668961
-0.00731112
-0.00807252
-0.00880146
-0.00939907
-0.00981058
-0.0100726
-0.0103037
-0.0106228
-0.0110765
-0.011602
-0.0121663
-0.0127652
-0.0133808
-0.0139751
-0.0145734
-0.0152235
-0.0159076
-0.0166126
-0.0173782
-0.0182664
-0.0191394
-0.0198283
-0.0203377
-0.0207165
-0.0208716
-0.0207622
-0.0206539
-0.0205167
-0.020253
-0.0201258
-0.0200907
-0.0200908
-0.0202307
-0.0203238
-0.0203641
-0.0205172
-0.0207237
-0.020989
-0.021261
-0.0213688
-0.0215153
-0.0218864
-0.0221911
-0.0222991
-0.0224595
-0.0227516
-0.0230218
-0.0231939
-0.0233764
-0.0236335
-0.0238624
-0.024057
-0.0242961
-0.0245244
-0.0247251
-0.0249571
-0.0251707
-0.0253597
-0.0255939
-0.0258246
-0.0260121
-0.0262343
-0.0264907
-0.0267055
-0.0269092
-0.0271542
-0.0274075
-0.0276378
-0.0278727
-0.0281284
-0.0283886
-0.0286471
-0.0289119
-0.0291837
-0.0294617
-0.0297421
-0.0300302
-0.0303225
-0.0306213
-0.0309257
-0.0312349
-0.0315515
-0.0318731
-0.0322008
-0.0325359
-0.0328737
-0.0332206
-0.0335679
-0.0339223
-0.0342744
-0.0346293
-0.0349692
-0.0353059
-0.0355918
-0.0358452
-0.00957011
-0.00850137
-0.00734533
-0.00675978
-0.00689734
-0.00746588
-0.00816616
-0.00883908
-0.00939978
-0.00978679
-0.010054
-0.0103146
-0.0106558
-0.0111167
-0.0116393
-0.0122089
-0.0128081
-0.0134105
-0.0140055
-0.0146097
-0.0152381
-0.0158912
-0.0165894
-0.0173409
-0.0181853
-0.0190208
-0.0197108
-0.0202228
-0.0205726
-0.0207449
-0.0206901
-0.0205889
-0.0204634
-0.0202347
-0.0201171
-0.0200848
-0.0200902
-0.0202254
-0.0203111
-0.0203546
-0.0205238
-0.0207339
-0.0209825
-0.0212474
-0.0213688
-0.0215228
-0.0218801
-0.022176
-0.0222961
-0.0224603
-0.0227401
-0.0230098
-0.0231917
-0.0233722
-0.0236235
-0.0238558
-0.0240536
-0.02429
-0.0245174
-0.0247197
-0.0249518
-0.0251653
-0.0253552
-0.0255897
-0.0258209
-0.0260093
-0.0262315
-0.0264876
-0.026703
-0.0269075
-0.0271524
-0.0274056
-0.0276365
-0.0278718
-0.0281276
-0.0283879
-0.0286465
-0.0289114
-0.0291833
-0.0294613
-0.0297418
-0.0300299
-0.0303223
-0.0306212
-0.0309256
-0.0312349
-0.0315515
-0.0318731
-0.0322008
-0.032536
-0.0328737
-0.0332207
-0.0335681
-0.0339225
-0.0342747
-0.0346296
-0.03497
-0.0353064
-0.0355952
-0.035849
-0.0097338
-0.00873661
-0.00766544
-0.00709336
-0.00717335
-0.00766882
-0.00829519
-0.00889139
-0.00938728
-0.00974078
-0.0100173
-0.0103138
-0.0106905
-0.0111669
-0.011691
-0.0122679
-0.0128591
-0.0134418
-0.0140427
-0.0146486
-0.0152477
-0.0158673
-0.0165541
-0.0172972
-0.0180975
-0.0188925
-0.0195902
-0.0201006
-0.0204176
-0.0206122
-0.020617
-0.0205245
-0.0204098
-0.0202196
-0.0201137
-0.0200824
-0.0200925
-0.020221
-0.0202979
-0.0203465
-0.0205325
-0.0207438
-0.0209744
-0.0212352
-0.0213713
-0.0215292
-0.0218708
-0.0221604
-0.0222938
-0.0224602
-0.022726
-0.0229969
-0.02319
-0.023367
-0.0236116
-0.0238488
-0.02405
-0.0242825
-0.024509
-0.0247134
-0.0249456
-0.0251593
-0.0253502
-0.0255849
-0.0258165
-0.026006
-0.0262281
-0.0264838
-0.0267001
-0.0269055
-0.0271503
-0.0274034
-0.0276348
-0.0278707
-0.0281265
-0.0283868
-0.0286456
-0.0289107
-0.0291826
-0.0294608
-0.0297413
-0.0300296
-0.030322
-0.030621
-0.0309254
-0.0312348
-0.0315514
-0.0318731
-0.0322009
-0.032536
-0.0328738
-0.0332209
-0.0335682
-0.0339227
-0.034275
-0.0346299
-0.034971
-0.0353071
-0.0355992
-0.0358535
-0.0098099
-0.00891573
-0.00800518
-0.00750194
-0.00752126
-0.00791857
-0.00845786
-0.00896242
-0.00937132
-0.0096894
-0.00998238
-0.0103125
-0.0107254
-0.0112289
-0.0117616
-0.0123407
-0.0129144
-0.0134755
-0.0140841
-0.0146828
-0.015252
-0.0158423
-0.0165121
-0.0172479
-0.0180106
-0.0187653
-0.0194629
-0.0199723
-0.0202619
-0.0204747
-0.0205422
-0.0204639
-0.0203573
-0.020206
-0.0201132
-0.0200835
-0.0200971
-0.0202158
-0.0202846
-0.0203383
-0.020539
-0.020753
-0.0209683
-0.0212249
-0.0213723
-0.0215317
-0.0218604
-0.0221459
-0.0222911
-0.0224582
-0.0227108
-0.0229836
-0.023188
-0.0233609
-0.0235986
-0.0238411
-0.0240458
-0.0242743
-0.0245
-0.0247068
-0.0249391
-0.0251527
-0.0253448
-0.0255797
-0.0258116
-0.0260021
-0.0262242
-0.0264797
-0.0266969
-0.0269032
-0.0271479
-0.0274009
-0.0276329
-0.0278693
-0.0281252
-0.0283856
-0.0286445
-0.0289098
-0.0291819
-0.0294601
-0.0297407
-0.0300291
-0.0303216
-0.0306207
-0.0309252
-0.0312346
-0.0315514
-0.0318731
-0.0322009
-0.0325361
-0.0328739
-0.033221
-0.0335684
-0.0339229
-0.0342755
-0.0346303
-0.0349722
-0.0353082
-0.0356035
-0.0358584
-0.0098012
-0.00906541
-0.0083681
-0.00796473
-0.0079282
-0.00821354
-0.00865213
-0.00905417
-0.00936535
-0.00964679
-0.00995767
-0.0103121
-0.0107514
-0.0112889
-0.0118432
-0.0124199
-0.0129733
-0.0135187
-0.0141266
-0.0147102
-0.0152513
-0.0158145
-0.0164642
-0.0171907
-0.0179264
-0.0186369
-0.0193209
-0.0198408
-0.0201118
-0.0203346
-0.0204642
-0.0204033
-0.0203051
-0.0201921
-0.0201106
-0.0200848
-0.0201028
-0.0202086
-0.0202696
-0.0203279
-0.0205434
-0.020764
-0.0209637
-0.0212114
-0.0213694
-0.0215336
-0.0218511
-0.0221308
-0.0222866
-0.0224557
-0.0226951
-0.0229688
-0.0231852
-0.0233546
-0.0235846
-0.0238327
-0.0240418
-0.0242658
-0.0244902
-0.0246996
-0.0249319
-0.0251456
-0.0253389
-0.025574
-0.0258062
-0.0259979
-0.02622
-0.0264752
-0.0266934
-0.0269007
-0.0271452
-0.0273981
-0.0276308
-0.0278677
-0.0281238
-0.0283842
-0.0286434
-0.0289088
-0.029181
-0.0294594
-0.0297402
-0.0300286
-0.0303213
-0.0306204
-0.0309249
-0.0312345
-0.0315513
-0.0318731
-0.0322009
-0.0325362
-0.032874
-0.0332211
-0.0335687
-0.0339231
-0.0342761
-0.0346307
-0.0349736
-0.0353095
-0.0356079
-0.0358635
-0.00983335
-0.00923259
-0.0087647
-0.00846524
-0.00838402
-0.00855292
-0.00886937
-0.00915562
-0.00936873
-0.00961484
-0.00993633
-0.0103107
-0.0107689
-0.0113378
-0.0119291
-0.0125044
-0.0130438
-0.0135781
-0.0141646
-0.0147256
-0.0152401
-0.0157746
-0.0164072
-0.0171315
-0.0178446
-0.0185037
-0.0191699
-0.019707
-0.0199675
-0.0201965
-0.0203769
-0.020334
-0.0202509
-0.0201761
-0.0201027
-0.0200823
-0.0201087
-0.0202
-0.0202512
-0.020316
-0.0205475
-0.020774
-0.0209549
-0.0211924
-0.0213656
-0.0215386
-0.0218418
-0.0221115
-0.0222799
-0.0224541
-0.0226783
-0.0229514
-0.0231825
-0.0233491
-0.0235696
-0.0238234
-0.0240375
-0.0242564
-0.0244791
-0.0246916
-0.0249245
-0.0251381
-0.0253326
-0.0255678
-0.0258004
-0.0259933
-0.0262155
-0.0264703
-0.0266895
-0.0268979
-0.0271423
-0.0273952
-0.0276285
-0.0278661
-0.0281223
-0.0283828
-0.0286422
-0.0289079
-0.0291802
-0.0294586
-0.0297395
-0.0300281
-0.0303208
-0.03062
-0.0309247
-0.0312343
-0.0315512
-0.031873
-0.0322009
-0.0325362
-0.0328742
-0.0332213
-0.033569
-0.0339234
-0.0342767
-0.0346312
-0.0349751
-0.035311
-0.0356123
-0.0358688
-0.00987277
-0.00947629
-0.00922249
-0.00900597
-0.00888095
-0.00892233
-0.00908711
-0.00924154
-0.00937124
-0.00959039
-0.00991462
-0.0103148
-0.0107933
-0.0113854
-0.0120142
-0.0125948
-0.0131301
-0.01365
-0.0141961
-0.0147258
-0.0152185
-0.0157255
-0.0163488
-0.0170835
-0.0177642
-0.0183676
-0.0190188
-0.0195649
-0.019825
-0.020064
-0.0202792
-0.0202547
-0.020194
-0.0201586
-0.0200918
-0.0200756
-0.0201139
-0.0201907
-0.0202305
-0.0203043
-0.0205497
-0.0207781
-0.0209417
-0.0211728
-0.0213646
-0.0215458
-0.0218294
-0.0220873
-0.0222727
-0.0224542
-0.0226608
-0.0229328
-0.0231801
-0.0233437
-0.0235532
-0.0238128
-0.0240327
-0.0242464
-0.0244675
-0.0246837
-0.024917
-0.0251301
-0.0253255
-0.0255612
-0.0257943
-0.0259886
-0.0262108
-0.0264652
-0.0266856
-0.0268951
-0.0271393
-0.0273921
-0.0276262
-0.0278645
-0.0281207
-0.0283813
-0.0286409
-0.0289068
-0.0291792
-0.0294577
-0.0297388
-0.0300275
-0.0303203
-0.0306196
-0.0309244
-0.0312341
-0.0315511
-0.031873
-0.032201
-0.0325363
-0.0328744
-0.0332214
-0.0335694
-0.0339237
-0.0342775
-0.0346318
-0.0349768
-0.0353129
-0.0356166
-0.0358745
-0.00997094
-0.00985137
-0.00976485
-0.00958516
-0.00938812
-0.00927719
-0.00926372
-0.00928407
-0.00936177
-0.00956911
-0.00989646
-0.0103297
-0.0108372
-0.0114435
-0.0120896
-0.0126826
-0.0132244
-0.0137259
-0.0142273
-0.0147186
-0.0151899
-0.0156778
-0.0162984
-0.0170372
-0.0176782
-0.018235
-0.0188689
-0.0194135
-0.0196847
-0.0199388
-0.0201782
-0.0201693
-0.0201314
-0.0201374
-0.0200793
-0.0200661
-0.0201168
-0.0201796
-0.02021
-0.0202933
-0.0205474
-0.0207775
-0.0209292
-0.0211562
-0.0213646
-0.0215498
-0.0218137
-0.0220633
-0.0222663
-0.0224547
-0.0226444
-0.0229142
-0.0231769
-0.0233377
-0.0235362
-0.0238017
-0.0240279
-0.0242365
-0.0244557
-0.0246753
-0.0249088
-0.0251213
-0.0253182
-0.0255545
-0.0257881
-0.0259835
-0.0262057
-0.0264597
-0.0266813
-0.0268919
-0.027136
-0.0273887
-0.0276236
-0.0278625
-0.0281188
-0.0283794
-0.0286394
-0.0289054
-0.0291781
-0.0294568
-0.029738
-0.0300269
-0.0303198
-0.0306192
-0.0309241
-0.0312339
-0.031551
-0.0318729
-0.032201
-0.0325363
-0.0328746
-0.0332216
-0.0335698
-0.0339239
-0.0342784
-0.0346324
-0.0349787
-0.0353149
-0.0356208
-0.0358804
-0.0103581
-0.0104131
-0.0103949
-0.0101716
-0.00984509
-0.00954946
-0.00935132
-0.00926673
-0.00932999
-0.00954515
-0.00988193
-0.0103513
-0.0108983
-0.0115139
-0.0121564
-0.0127593
-0.0133173
-0.0138016
-0.0142635
-0.0147142
-0.015148
-0.0156313
-0.0162521
-0.0169686
-0.0175869
-0.0181199
-0.0187204
-0.0192552
-0.0195455
-0.0198162
-0.0200745
-0.0200766
-0.0200582
-0.0201074
-0.0200644
-0.0200559
-0.020116
-0.0201634
-0.0201886
-0.0202827
-0.0205419
-0.0207749
-0.0209173
-0.0211384
-0.0213602
-0.0215496
-0.0217999
-0.0220446
-0.02226
-0.0224532
-0.0226293
-0.0228961
-0.0231711
-0.0233301
-0.0235193
-0.0237903
-0.0240226
-0.024226
-0.0244432
-0.0246661
-0.0248999
-0.0251122
-0.0253106
-0.0255472
-0.025781
-0.0259776
-0.0261999
-0.0264536
-0.0266765
-0.0268884
-0.0271323
-0.027385
-0.0276207
-0.0278602
-0.0281168
-0.0283776
-0.0286379
-0.0289042
-0.029177
-0.0294559
-0.0297373
-0.0300263
-0.0303193
-0.0306188
-0.0309238
-0.0312336
-0.0315508
-0.0318728
-0.032201
-0.0325363
-0.0328748
-0.0332217
-0.0335703
-0.0339243
-0.0342793
-0.0346332
-0.0349807
-0.0353172
-0.0356249
-0.0358865
-0.0110991
-0.0111926
-0.0110889
-0.0107049
-0.0101807
-0.00967746
-0.00932231
-0.00918931
-0.00926989
-0.00951176
-0.00986769
-0.0103777
-0.010972
-0.0116007
-0.0122347
-0.0128311
-0.0134004
-0.0138691
-0.0142989
-0.0147095
-0.0150904
-0.0155828
-0.0162058
-0.0168814
-0.017502
-0.0180299
-0.0185735
-0.0190831
-0.0194045
-0.0196953
-0.0199623
-0.0199787
-0.0199785
-0.0200655
-0.020047
-0.0200462
-0.0201091
-0.0201395
-0.0201644
-0.0202754
-0.0205373
-0.020769
-0.0209024
-0.021117
-0.0213538
-0.0215526
-0.0217925
-0.0220301
-0.0222511
-0.0224467
-0.0226133
-0.0228781
-0.0231632
-0.0233214
-0.0235029
-0.0237788
-0.0240164
-0.0242149
-0.0244298
-0.0246556
-0.0248897
-0.0251019
-0.0253019
-0.0255387
-0.025773
-0.0259712
-0.0261937
-0.0264472
-0.0266714
-0.0268847
-0.0271284
-0.0273811
-0.0276178
-0.0278581
-0.0281149
-0.0283758
-0.0286364
-0.028903
-0.0291759
-0.0294548
-0.0297364
-0.0300254
-0.0303186
-0.0306182
-0.0309234
-0.0312333
-0.0315507
-0.0318727
-0.0322011
-0.0325364
-0.0328751
-0.0332219
-0.0335709
-0.0339246
-0.0342804
-0.0346341
-0.0349827
-0.0353196
-0.0356291
-0.0358929
-0.0121756
-0.0121563
-0.0117846
-0.0111107
-0.010331
-0.00962802
-0.0091725
-0.00905012
-0.00917117
-0.00945682
-0.00985249
-0.0104122
-0.0110582
-0.011706
-0.0123342
-0.0129024
-0.0134553
-0.0139136
-0.0143231
-0.0146981
-0.0150375
-0.0155377
-0.0161591
-0.0167993
-0.0174217
-0.0179482
-0.0184257
-0.0188937
-0.0192674
-0.0195824
-0.0198351
-0.0198789
-0.0199002
-0.0200086
-0.0200244
-0.0200355
-0.0200933
-0.0201092
-0.0201411
-0.0202741
-0.0205337
-0.020759
-0.0208869
-0.0210968
-0.0213508
-0.0215604
-0.0217853
-0.0220126
-0.0222386
-0.0224362
-0.0225967
-0.0228618
-0.0231553
-0.0233116
-0.0234856
-0.0237657
-0.0240082
-0.0242016
-0.024414
-0.0246434
-0.0248789
-0.0250915
-0.0252929
-0.02553
-0.025765
-0.0259649
-0.0261876
-0.0264408
-0.0266665
-0.026881
-0.0271245
-0.0273771
-0.0276148
-0.0278558
-0.0281126
-0.0283736
-0.0286345
-0.0289012
-0.0291743
-0.0294534
-0.0297353
-0.0300245
-0.030318
-0.0306177
-0.0309231
-0.0312331
-0.0315507
-0.0318726
-0.0322012
-0.0325364
-0.0328753
-0.0332221
-0.0335715
-0.0339251
-0.0342815
-0.0346352
-0.0349849
-0.0353224
-0.0356333
-0.0358994
-0.0134615
-0.0131886
-0.012391
-0.0113284
-0.0102652
-0.00940532
-0.00891223
-0.00883948
-0.00902409
-0.00938082
-0.00985102
-0.0104676
-0.0111605
-0.0118218
-0.0124416
-0.0129698
-0.0134796
-0.0139391
-0.0143375
-0.0146845
-0.0150093
-0.0154981
-0.0161061
-0.016728
-0.0173365
-0.017856
-0.0182807
-0.0187058
-0.0191401
-0.0194755
-0.0196899
-0.019773
-0.0198279
-0.01994
-0.0199892
-0.0200188
-0.0200701
-0.0200789
-0.020125
-0.0202777
-0.0205291
-0.0207489
-0.0208751
-0.0210769
-0.0213449
-0.0215647
-0.0217733
-0.0219935
-0.0222271
-0.0224256
-0.0225803
-0.0228446
-0.0231434
-0.0232983
-0.0234662
-0.02375
-0.0239978
-0.0241879
-0.024399
-0.0246323
-0.0248689
-0.0250813
-0.0252838
-0.0255212
-0.025757
-0.0259586
-0.0261812
-0.0264339
-0.0266609
-0.0268766
-0.0271199
-0.0273725
-0.0276111
-0.0278529
-0.0281098
-0.0283709
-0.0286323
-0.0288995
-0.0291729
-0.0294523
-0.0297344
-0.0300239
-0.0303175
-0.0306172
-0.0309227
-0.0312327
-0.0315504
-0.0318725
-0.0322013
-0.0325365
-0.0328757
-0.0332223
-0.0335721
-0.0339256
-0.0342827
-0.0346365
-0.0349871
-0.0353253
-0.0356376
-0.035906
-0.0147723
-0.0141435
-0.0128375
-0.0113501
-0.0100154
-0.0090535
-0.00857005
-0.00856509
-0.00884688
-0.00931514
-0.00989049
-0.010558
-0.0112753
-0.0119353
-0.0125406
-0.0130345
-0.013501
-0.0139623
-0.0143437
-0.0146674
-0.0149948
-0.0154631
-0.0160464
-0.0166607
-0.0172571
-0.0177554
-0.0181438
-0.0185385
-0.0190092
-0.0193616
-0.0195385
-0.0196561
-0.0197568
-0.0198657
-0.0199368
-0.0199945
-0.0200493
-0.0200557
-0.0201159
-0.0202818
-0.0205203
-0.0207369
-0.0208633
-0.0210523
-0.0213324
-0.0215665
-0.0217639
-0.0219783
-0.0222137
-0.0224092
-0.0225605
-0.0228225
-0.0231249
-0.0232852
-0.0234514
-0.0237353
-0.0239871
-0.0241765
-0.0243861
-0.0246205
-0.0248574
-0.0250704
-0.0252744
-0.0255121
-0.0257482
-0.0259511
-0.0261735
-0.0264256
-0.0266542
-0.0268715
-0.0271147
-0.0273673
-0.0276072
-0.0278499
-0.0281071
-0.0283686
-0.0286305
-0.0288981
-0.0291717
-0.0294512
-0.0297334
-0.0300228
-0.0303165
-0.0306163
-0.0309221
-0.0312323
-0.0315503
-0.0318724
-0.0322014
-0.0325365
-0.032876
-0.0332226
-0.0335728
-0.0339263
-0.0342839
-0.0346379
-0.0349895
-0.0353285
-0.0356419
-0.0359127
-0.0159397
-0.0149248
-0.0131098
-0.0112223
-0.00965498
-0.00862722
-0.00817921
-0.00825822
-0.00867864
-0.00929063
-0.00997657
-0.0106792
-0.0113952
-0.0120493
-0.0126354
-0.0131063
-0.0135433
-0.0139845
-0.0143347
-0.0146383
-0.0149771
-0.0154412
-0.0159947
-0.0165981
-0.0171903
-0.0176484
-0.0180074
-0.0183837
-0.0188583
-0.0192382
-0.0194014
-0.0195327
-0.0196732
-0.0197833
-0.0198763
-0.0199726
-0.0200356
-0.0200325
-0.0201009
-0.020283
-0.0205088
-0.0207188
-0.0208518
-0.0210326
-0.0213197
-0.0215655
-0.0217532
-0.0219583
-0.022188
-0.0223844
-0.0225457
-0.022805
-0.0231045
-0.0232764
-0.0234446
-0.0237197
-0.0239716
-0.0241649
-0.0243736
-0.0246067
-0.0248441
-0.0250589
-0.025264
-0.0255007
-0.0257372
-0.0259419
-0.0261647
-0.0264168
-0.0266475
-0.0268666
-0.0271097
-0.0273625
-0.0276036
-0.0278472
-0.0281047
-0.0283662
-0.0286284
-0.0288961
-0.0291697
-0.0294493
-0.0297318
-0.0300215
-0.0303157
-0.0306157
-0.0309218
-0.0312321
-0.0315502
-0.0318722
-0.0322015
-0.0325366
-0.0328764
-0.0332229
-0.0335735
-0.033927
-0.0342853
-0.0346396
-0.0349919
-0.0353319
-0.0356463
-0.0359194
-0.0168297
-0.0154658
-0.0132183
-0.0109966
-0.00924379
-0.00816896
-0.00777805
-0.00797339
-0.0085632
-0.00932318
-0.0101041
-0.0108347
-0.0115415
-0.0121872
-0.0127388
-0.0131806
-0.0135883
-0.0139885
-0.0143063
-0.0145996
-0.0149583
-0.0154327
-0.0159584
-0.0165411
-0.0171171
-0.0175303
-0.0178692
-0.0182319
-0.0187024
-0.0191199
-0.0192803
-0.019406
-0.019569
-0.0196884
-0.0198235
-0.0199595
-0.0200156
-0.0199981
-0.0200772
-0.0202876
-0.0205068
-0.0206983
-0.0208405
-0.0210199
-0.0212987
-0.0215454
-0.0217316
-0.0219359
-0.0221604
-0.0223643
-0.0225472
-0.0227974
-0.023077
-0.0232616
-0.0234404
-0.0237029
-0.0239509
-0.0241524
-0.0243622
-0.0245905
-0.0248271
-0.0250449
-0.0252517
-0.0254878
-0.0257257
-0.0259334
-0.0261567
-0.0264089
-0.0266415
-0.0268621
-0.0271048
-0.0273574
-0.0275996
-0.0278439
-0.0281013
-0.0283628
-0.0286254
-0.0288935
-0.0291676
-0.0294476
-0.0297307
-0.0300208
-0.0303151
-0.0306151
-0.0309213
-0.0312315
-0.0315499
-0.031872
-0.0322015
-0.0325367
-0.0328768
-0.0332233
-0.0335743
-0.0339279
-0.0342867
-0.0346415
-0.0349944
-0.0353355
-0.0356509
-0.0359261
-0.0173643
-0.0157439
-0.0131959
-0.0107297
-0.00884192
-0.00774429
-0.00743939
-0.00778193
-0.00853687
-0.00942114
-0.0102774
-0.0110367
-0.0117296
-0.0123403
-0.0128297
-0.0132263
-0.0135994
-0.0139656
-0.0142738
-0.0145752
-0.0149509
-0.0154249
-0.0159331
-0.01649
-0.0170289
-0.0174093
-0.0177391
-0.0180933
-0.0185632
-0.0190008
-0.0191495
-0.0192722
-0.0194566
-0.0195945
-0.0197834
-0.019943
-0.0199745
-0.0199616
-0.0200635
-0.0202946
-0.0205072
-0.0206709
-0.0208149
-0.0209992
-0.0212646
-0.0215107
-0.0217147
-0.021931
-0.0221438
-0.0223478
-0.0225543
-0.0227904
-0.0230367
-0.0232363
-0.0234402
-0.023691
-0.0239259
-0.0241339
-0.0243475
-0.0245716
-0.0248081
-0.0250313
-0.0252411
-0.0254766
-0.0257156
-0.025926
-0.0261494
-0.0264007
-0.0266346
-0.0268563
-0.0270984
-0.0273508
-0.0275942
-0.0278395
-0.0280972
-0.0283593
-0.0286228
-0.0288916
-0.0291663
-0.0294465
-0.0297296
-0.0300195
-0.0303138
-0.030614
-0.0309205
-0.031231
-0.0315497
-0.031872
-0.0322017
-0.0325368
-0.0328772
-0.0332237
-0.0335751
-0.0339289
-0.0342882
-0.0346435
-0.0349971
-0.0353392
-0.0356555
-0.0359328
-0.0175519
-0.0157856
-0.0130797
-0.0104702
-0.00850757
-0.00742668
-0.00723112
-0.00771962
-0.00860433
-0.00958313
-0.0104997
-0.0112777
-0.0119333
-0.0124739
-0.0128908
-0.0132436
-0.0135829
-0.0139316
-0.0142588
-0.014589
-0.0149643
-0.0154114
-0.0159114
-0.0164388
-0.0169303
-0.0172895
-0.0176165
-0.0179828
-0.0184396
-0.0188512
-0.0189984
-0.0191466
-0.0193621
-0.0195132
-0.0197351
-0.0199056
-0.0199167
-0.0199344
-0.0200647
-0.020284
-0.0204856
-0.0206353
-0.0207795
-0.0209765
-0.0212383
-0.0214858
-0.021714
-0.0219395
-0.0221232
-0.0223182
-0.0225557
-0.0227841
-0.0229916
-0.0232037
-0.0234395
-0.0236788
-0.0238941
-0.0241092
-0.024334
-0.0245574
-0.0247925
-0.0250196
-0.0252318
-0.025466
-0.0257052
-0.0259173
-0.0261397
-0.0263896
-0.0266252
-0.0268488
-0.0270909
-0.0273439
-0.0275891
-0.0278359
-0.0280941
-0.0283567
-0.0286208
-0.0288897
-0.0291641
-0.0294441
-0.0297274
-0.0300177
-0.0303127
-0.0306133
-0.0309201
-0.0312307
-0.0315495
-0.0318718
-0.0322017
-0.0325369
-0.0328776
-0.0332242
-0.033576
-0.0339301
-0.0342898
-0.0346458
-0.0349999
-0.0353431
-0.0356603
-0.0359394
-0.0173727
-0.01556
-0.0128417
-0.0102247
-0.00828816
-0.0072871
-0.00721206
-0.00781908
-0.00879194
-0.00983389
-0.0107771
-0.0115314
-0.0121174
-0.0125829
-0.0129499
-0.0132667
-0.0135545
-0.0138784
-0.0142446
-0.0146282
-0.0150019
-0.0154011
-0.0158838
-0.0163785
-0.0168227
-0.0171676
-0.0175022
-0.0179075
-0.0183242
-0.0186592
-0.0188394
-0.0190482
-0.0192893
-0.0194351
-0.0196552
-0.0198452
-0.0198632
-0.0199127
-0.0200629
-0.0202513
-0.0204464
-0.0206098
-0.0207589
-0.0209655
-0.0212243
-0.0214673
-0.0217112
-0.0219356
-0.0220869
-0.0222816
-0.0225579
-0.0227788
-0.0229429
-0.0231633
-0.0234323
-0.0236664
-0.0238673
-0.0240914
-0.0243254
-0.0245449
-0.0247766
-0.0250068
-0.0252207
-0.0254524
-0.025691
-0.0259046
-0.026127
-0.0263772
-0.0266161
-0.0268425
-0.027085
-0.0273384
-0.0275851
-0.0278327
-0.0280908
-0.028353
-0.028617
-0.0288861
-0.0291609
-0.0294418
-0.029726
-0.0300169
-0.030312
-0.0306125
-0.0309193
-0.03123
-0.031549
-0.0318716
-0.0322018
-0.0325371
-0.032878
-0.0332248
-0.0335769
-0.0339313
-0.0342915
-0.0346482
-0.0350028
-0.0353471
-0.0356653
-0.035946
-0.0167876
-0.0150485
-0.0125
-0.0100669
-0.0083015
-0.00744794
-0.00747746
-0.00814587
-0.00913746
-0.0101654
-0.0110507
-0.0117196
-0.0122324
-0.0126642
-0.0130212
-0.0132991
-0.0135065
-0.0137927
-0.0142142
-0.0146747
-0.0150707
-0.0154203
-0.0158593
-0.0163141
-0.0167092
-0.0170471
-0.0173946
-0.0178352
-0.0182075
-0.0184606
-0.0187041
-0.018976
-0.0192105
-0.0193525
-0.0195584
-0.0197646
-0.0198158
-0.0198923
-0.0200519
-0.0202138
-0.0204106
-0.0205986
-0.0207509
-0.0209533
-0.0211983
-0.0214387
-0.0217025
-0.0219218
-0.0220471
-0.0222502
-0.0225548
-0.0227624
-0.0228946
-0.0231287
-0.0234277
-0.0236582
-0.0238482
-0.0240779
-0.0243138
-0.0245266
-0.0247571
-0.024991
-0.0252047
-0.0254336
-0.0256739
-0.0258922
-0.0261166
-0.0263678
-0.0266095
-0.0268376
-0.0270791
-0.0273318
-0.0275793
-0.0278274
-0.0280852
-0.0283477
-0.0286129
-0.0288834
-0.0291593
-0.0294406
-0.0297247
-0.0300153
-0.0303103
-0.0306111
-0.0309184
-0.0312295
-0.0315488
-0.0318715
-0.0322018
-0.0325373
-0.0328785
-0.0332255
-0.0335779
-0.0339328
-0.0342933
-0.0346507
-0.035006
-0.0353512
-0.0356703
-0.0359525
-0.0159239
-0.0143897
-0.0121898
-0.010116
-0.00863734
-0.00795378
-0.00802882
-0.00865954
-0.00955816
-0.0104616
-0.0112085
-0.0117806
-0.0122694
-0.0127266
-0.0131038
-0.0133403
-0.0134774
-0.0137381
-0.0142066
-0.0147285
-0.0151519
-0.0154663
-0.0158404
-0.0162412
-0.0165908
-0.0169356
-0.0172929
-0.017733
-0.0180946
-0.0183288
-0.0186285
-0.0188941
-0.0190682
-0.0192508
-0.0194762
-0.0196745
-0.0197675
-0.0198777
-0.0200358
-0.0201764
-0.0203763
-0.0205837
-0.0207362
-0.0209326
-0.0211666
-0.0214173
-0.0217037
-0.0218989
-0.0219938
-0.0222142
-0.0225416
-0.0227432
-0.0228665
-0.0231116
-0.0234211
-0.0236427
-0.0238269
-0.0240638
-0.0242981
-0.0244999
-0.0247297
-0.0249719
-0.0251887
-0.0254169
-0.0256611
-0.0258848
-0.0261093
-0.0263586
-0.026601
-0.0268297
-0.0270699
-0.0273223
-0.0275715
-0.0278212
-0.0280803
-0.0283443
-0.028611
-0.0288817
-0.0291569
-0.0294376
-0.0297219
-0.0300131
-0.030309
-0.0306103
-0.0309178
-0.031229
-0.0315484
-0.0318712
-0.0322018
-0.0325375
-0.0328789
-0.0332262
-0.0335789
-0.0339343
-0.0342952
-0.0346535
-0.0350093
-0.0353555
-0.0356754
-0.0359589
-0.0149316
-0.0136886
-0.0119527
-0.0103433
-0.0092126
-0.00869222
-0.0087499
-0.00924388
-0.00995246
-0.0106727
-0.0112836
-0.0118079
-0.0123134
-0.0127973
-0.013179
-0.0133868
-0.0135137
-0.0137767
-0.0142444
-0.0147651
-0.0151935
-0.0155016
-0.0158098
-0.0161517
-0.0164909
-0.016859
-0.0172197
-0.0176188
-0.0179834
-0.018259
-0.0185611
-0.0187384
-0.0188699
-0.0191641
-0.0194315
-0.0195939
-0.0197294
-0.0198646
-0.0199937
-0.0201228
-0.0203437
-0.0205736
-0.0207252
-0.0209181
-0.0211482
-0.0213977
-0.0216801
-0.0218417
-0.0219299
-0.0221957
-0.0225442
-0.0227338
-0.0228537
-0.0230975
-0.0233999
-0.0236158
-0.0237999
-0.0240425
-0.0242767
-0.0244703
-0.0247018
-0.0249579
-0.0251816
-0.0254062
-0.0256496
-0.0258757
-0.026098
-0.0263437
-0.0265874
-0.0268191
-0.02706
-0.0273136
-0.0275658
-0.027818
-0.0280776
-0.0283411
-0.0286068
-0.028877
-0.0291527
-0.0294346
-0.0297201
-0.030012
-0.0303079
-0.0306091
-0.0309167
-0.0312282
-0.0315479
-0.031871
-0.0322019
-0.0325378
-0.0328795
-0.0332271
-0.03358
-0.033936
-0.0342973
-0.0346563
-0.0350127
-0.0353598
-0.0356806
-0.0359653
-0.0138143
-0.0129681
-0.0118089
-0.0107484
-0.0099992
-0.00962009
-0.00959439
-0.00986231
-0.0103171
-0.0108499
-0.0113727
-0.0118813
-0.0123787
-0.0128331
-0.0131903
-0.0134129
-0.0136003
-0.0138794
-0.0142926
-0.0147671
-0.0151986
-0.0155304
-0.0157838
-0.0160649
-0.0164218
-0.0168087
-0.0171573
-0.0174966
-0.017852
-0.0181886
-0.0184515
-0.0185523
-0.0187471
-0.0191524
-0.0193881
-0.0194888
-0.0196791
-0.0198383
-0.0199272
-0.0200657
-0.0203292
-0.0205843
-0.0207225
-0.0208857
-0.0211056
-0.0213532
-0.0216266
-0.0217853
-0.0219096
-0.0222201
-0.0225508
-0.0227033
-0.0228293
-0.0230794
-0.0233661
-0.0235763
-0.023766
-0.0240177
-0.0242629
-0.0244559
-0.024682
-0.0249449
-0.0251752
-0.0253935
-0.0256306
-0.0258579
-0.026081
-0.0263271
-0.0265754
-0.0268119
-0.027054
-0.027308
-0.0275613
-0.0278133
-0.0280711
-0.0283338
-0.0286009
-0.0288733
-0.0291506
-0.0294331
-0.0297184
-0.0300099
-0.030306
-0.0306076
-0.0309157
-0.0312275
-0.0315475
-0.0318708
-0.0322019
-0.0325381
-0.03288
-0.033228
-0.0335813
-0.0339378
-0.0342995
-0.0346593
-0.0350164
-0.0353642
-0.0356859
-0.0359715
-0.0127793
-0.0124872
-0.0119829
-0.0114601
-0.0110041
-0.0106453
-0.0104225
-0.0103881
-0.0105711
-0.0109422
-0.0114177
-0.011915
-0.0123799
-0.0127982
-0.0131685
-0.013478
-0.0137518
-0.0140162
-0.0143297
-0.0147422
-0.0151868
-0.0155504
-0.0157832
-0.0160212
-0.0163726
-0.0167423
-0.0170642
-0.0173669
-0.0177332
-0.0181402
-0.0183749
-0.0184512
-0.018707
-0.0190899
-0.0192536
-0.0193673
-0.0196289
-0.0198067
-0.0198737
-0.0200331
-0.0203203
-0.0205777
-0.0206993
-0.0208179
-0.0210394
-0.0213312
-0.0216071
-0.0217604
-0.0219176
-0.0222364
-0.0225168
-0.0226413
-0.0227998
-0.0230643
-0.023326
-0.0235345
-0.0237445
-0.0240057
-0.024257
-0.0244493
-0.0246615
-0.0249198
-0.0251574
-0.0253745
-0.0256063
-0.025838
-0.0260682
-0.0263176
-0.0265685
-0.0268067
-0.0270472
-0.0272987
-0.0275514
-0.027804
-0.0280634
-0.028329
-0.0285985
-0.0288714
-0.0291478
-0.0294296
-0.0297151
-0.0300075
-0.0303043
-0.0306064
-0.0309148
-0.0312268
-0.031547
-0.0318705
-0.0322019
-0.0325383
-0.0328806
-0.0332289
-0.0335826
-0.0339396
-0.0343019
-0.0346623
-0.0350201
-0.0353687
-0.0356911
-0.0359777
-0.0122413
-0.0124595
-0.0124203
-0.0121823
-0.0117878
-0.0113163
-0.0108952
-0.0106608
-0.0107049
-0.0109996
-0.0114431
-0.0119067
-0.0123381
-0.0127706
-0.013227
-0.0136663
-0.0139943
-0.0141903
-0.0143733
-0.0146889
-0.0151107
-0.0155029
-0.0157993
-0.0160713
-0.016392
-0.0166916
-0.0169489
-0.0172332
-0.0176412
-0.0181043
-0.0183504
-0.0184353
-0.0186159
-0.0188444
-0.0190548
-0.0193495
-0.019661
-0.0197819
-0.0198047
-0.01998
-0.0202903
-0.0205537
-0.0206775
-0.0207597
-0.0209852
-0.0213406
-0.0216101
-0.0217272
-0.0218993
-0.0222134
-0.0224583
-0.0225867
-0.0227799
-0.0230512
-0.0232955
-0.0235091
-0.0237361
-0.0239931
-0.024239
-0.0244347
-0.0246364
-0.0248827
-0.0251281
-0.0253572
-0.025593
-0.0258281
-0.026061
-0.0263088
-0.0265578
-0.0267951
-0.0270336
-0.0272849
-0.0275415
-0.0277991
-0.0280609
-0.028326
-0.028594
-0.028866
-0.0291429
-0.029426
-0.0297129
-0.0300058
-0.0303027
-0.0306049
-0.0309135
-0.0312258
-0.0315464
-0.0318703
-0.0322019
-0.0325387
-0.0328812
-0.03323
-0.033584
-0.0339416
-0.0343043
-0.0346655
-0.035024
-0.0353732
-0.0356964
-0.0359838
-0.0121186
-0.0124692
-0.0124788
-0.0122292
-0.011814
-0.0113664
-0.0110304
-0.0109041
-0.011014
-0.0112827
-0.0116258
-0.0119761
-0.0123481
-0.0128056
-0.0133425
-0.0138637
-0.014211
-0.0143667
-0.0144781
-0.0146893
-0.0150211
-0.0154017
-0.0157827
-0.0161349
-0.0164419
-0.0166791
-0.0168691
-0.0171236
-0.01754
-0.0180016
-0.018292
-0.0184344
-0.0185017
-0.0185969
-0.018934
-0.0194026
-0.0196974
-0.0197407
-0.0197185
-0.0198842
-0.0202288
-0.0205464
-0.0206926
-0.020728
-0.0209248
-0.0213146
-0.0215954
-0.0217097
-0.0218819
-0.0221566
-0.0223867
-0.0225592
-0.0227778
-0.0230386
-0.0232756
-0.0234934
-0.0237211
-0.0239654
-0.0242029
-0.024407
-0.0246112
-0.0248513
-0.0251054
-0.0253518
-0.0255914
-0.0258186
-0.026044
-0.026289
-0.0265399
-0.0267807
-0.0270225
-0.0272778
-0.0275382
-0.0277956
-0.0280544
-0.0283176
-0.0285869
-0.0288614
-0.02914
-0.0294237
-0.0297104
-0.0300033
-0.0303005
-0.0306032
-0.0309122
-0.031225
-0.0315458
-0.03187
-0.0322019
-0.032539
-0.0328818
-0.033231
-0.0335854
-0.0339436
-0.0343069
-0.0346687
-0.0350279
-0.0353777
-0.0357016
-0.0359897
-0.0119101
-0.012045
-0.0118836
-0.0116093
-0.0113512
-0.0111942
-0.0111762
-0.0112803
-0.0114576
-0.0116554
-0.0118708
-0.0121357
-0.0124896
-0.0129473
-0.0134612
-0.0139427
-0.0142912
-0.014499
-0.0146447
-0.0147945
-0.0150078
-0.0153146
-0.0156955
-0.0160868
-0.0164226
-0.0166888
-0.0169048
-0.0171377
-0.0174665
-0.0178342
-0.0181647
-0.0184013
-0.0184414
-0.0185189
-0.0189188
-0.0193655
-0.0195858
-0.0196532
-0.0196913
-0.0198407
-0.0201508
-0.020504
-0.0207022
-0.020732
-0.0208897
-0.0212522
-0.0215574
-0.0217246
-0.0218597
-0.0220488
-0.0223175
-0.0225861
-0.0227974
-0.0230106
-0.0232505
-0.0234754
-0.023685
-0.0239158
-0.0241603
-0.0243848
-0.0246041
-0.0248434
-0.0250919
-0.0253374
-0.0255757
-0.0257977
-0.0260188
-0.0262666
-0.0265272
-0.0267764
-0.0270194
-0.0272711
-0.0275281
-0.0277845
-0.0280448
-0.0283112
-0.0285833
-0.0288585
-0.0291365
-0.0294198
-0.0297069
-0.0300006
-0.0302985
-0.0306017
-0.030911
-0.031224
-0.0315451
-0.0318696
-0.0322019
-0.0325393
-0.0328825
-0.0332321
-0.033587
-0.0339457
-0.0343096
-0.0346721
-0.0350319
-0.0353823
-0.0357068
-0.0359955
-0.0116002
-0.0114905
-0.0112186
-0.0110062
-0.0109401
-0.0110038
-0.0111358
-0.0112911
-0.0114589
-0.0116815
-0.0119948
-0.0124027
-0.0128629
-0.0133071
-0.0137072
-0.0140544
-0.0143433
-0.0145564
-0.0146928
-0.0147986
-0.014979
-0.0153081
-0.0157335
-0.0161542
-0.0164808
-0.016716
-0.0169238
-0.0171337
-0.0173897
-0.0177046
-0.0180624
-0.0183316
-0.0183867
-0.0185102
-0.0188909
-0.0192362
-0.019427
-0.0195777
-0.0197126
-0.0198634
-0.0201
-0.0204232
-0.0206584
-0.0207461
-0.0209106
-0.0211923
-0.0214641
-0.0216956
-0.0218279
-0.021974
-0.0223125
-0.0226458
-0.022791
-0.0229412
-0.0232026
-0.023446
-0.0236424
-0.0238763
-0.024144
-0.0243846
-0.0246046
-0.0248322
-0.0250628
-0.0252994
-0.0255466
-0.0257817
-0.0260067
-0.0262554
-0.0265211
-0.0267716
-0.0270075
-0.0272536
-0.027514
-0.0277775
-0.0280413
-0.0283075
-0.0285781
-0.0288529
-0.0291315
-0.0294159
-0.029704
-0.0299983
-0.0302964
-0.0305998
-0.0309094
-0.0312229
-0.0315444
-0.0318692
-0.0322018
-0.0325396
-0.0328832
-0.0332333
-0.0335886
-0.0339479
-0.0343123
-0.0346754
-0.0350358
-0.0353869
-0.0357118
-0.0360011
-0.0115359
-0.0112646
-0.0108728
-0.0105845
-0.0104704
-0.0105004
-0.0106216
-0.0108262
-0.0111428
-0.0116073
-0.012181
-0.0127781
-0.0133114
-0.0137306
-0.0140558
-0.0143037
-0.0144843
-0.0145804
-0.0146146
-0.0147075
-0.0149794
-0.0154476
-0.0159744
-0.016386
-0.0166016
-0.0166868
-0.0167837
-0.0169662
-0.0172699
-0.0176787
-0.0180707
-0.0182782
-0.018328
-0.0184838
-0.0188
-0.0191076
-0.0193746
-0.0195863
-0.0197155
-0.0198354
-0.0200369
-0.0203386
-0.0206047
-0.0207609
-0.020915
-0.0211003
-0.02136
-0.0216864
-0.0218539
-0.0219623
-0.0223023
-0.0226398
-0.0227322
-0.0228537
-0.0231553
-0.0234389
-0.0236371
-0.0238633
-0.0241333
-0.0243724
-0.0245791
-0.024797
-0.025028
-0.0252685
-0.0255285
-0.0257816
-0.0260085
-0.0262425
-0.026499
-0.0267521
-0.0269928
-0.0272433
-0.0275084
-0.0277735
-0.0280349
-0.028299
-0.0285705
-0.0288476
-0.0291277
-0.0294127
-0.0297009
-0.0299955
-0.030294
-0.0305979
-0.030908
-0.0312218
-0.0315436
-0.0318688
-0.0322017
-0.0325399
-0.0328838
-0.0332344
-0.0335901
-0.0339501
-0.0343151
-0.0346787
-0.0350398
-0.0353913
-0.0357168
-0.0360066
-0.0117463
-0.0114251
-0.0108907
-0.010419
-0.0101548
-0.010136
-0.0103409
-0.0107305
-0.0112621
-0.011877
-0.0124936
-0.0130494
-0.0135246
-0.0139239
-0.0142482
-0.0144753
-0.0145997
-0.0146503
-0.0147026
-0.01487
-0.0151945
-0.0156135
-0.0160113
-0.0162985
-0.0164948
-0.016661
-0.0168313
-0.0170282
-0.0172828
-0.0176238
-0.0179586
-0.0181757
-0.0183598
-0.0185685
-0.018761
-0.0189961
-0.0192907
-0.019534
-0.0196746
-0.0197816
-0.0199738
-0.0202836
-0.0205903
-0.0207761
-0.0208684
-0.021009
-0.0213287
-0.0217127
-0.0218805
-0.0219402
-0.0222124
-0.0225497
-0.022697
-0.0228418
-0.0231425
-0.0234372
-0.0236374
-0.023842
-0.0240935
-0.0243306
-0.0245401
-0.0247681
-0.0250174
-0.0252639
-0.0255182
-0.0257714
-0.0259948
-0.0262156
-0.0264711
-0.026741
-0.0269931
-0.0272396
-0.0274977
-0.0277619
-0.0280256
-0.028292
-0.0285653
-0.0288432
-0.0291233
-0.0294083
-0.0296971
-0.0299924
-0.0302915
-0.0305959
-0.0309064
-0.0312205
-0.0315428
-0.0318683
-0.0322016
-0.0325402
-0.0328845
-0.0332356
-0.0335918
-0.0339522
-0.0343178
-0.034682
-0.0350436
-0.0353957
-0.0357216
-0.0360118
-0.0121815
-0.0122309
-0.0118973
-0.0114555
-0.0110944
-0.0109153
-0.0109572
-0.0112057
-0.0116263
-0.012156
-0.0127345
-0.0132971
-0.0137748
-0.0141193
-0.0143051
-0.0143832
-0.0144507
-0.0146037
-0.014878
-0.0152214
-0.0155327
-0.0157392
-0.0158815
-0.0160609
-0.016367
-0.0167498
-0.017071
-0.0172804
-0.017389
-0.0174947
-0.0176993
-0.0180438
-0.0184808
-0.0187329
-0.0187386
-0.0188126
-0.0190847
-0.0194394
-0.0197132
-0.0198411
-0.0199628
-0.0201996
-0.020531
-0.0207882
-0.0208537
-0.0209592
-0.0212938
-0.0216663
-0.0218655
-0.0219471
-0.0221243
-0.0224452
-0.0227144
-0.0228904
-0.0231209
-0.0233985
-0.0236167
-0.0238033
-0.0240346
-0.0242911
-0.02453
-0.0247681
-0.025018
-0.025254
-0.0254853
-0.0257323
-0.0259737
-0.0262077
-0.0264636
-0.0267342
-0.0269854
-0.0272262
-0.0274827
-0.0277525
-0.028021
-0.0282876
-0.0285596
-0.0288375
-0.0291185
-0.0294043
-0.0296937
-0.0299894
-0.030289
-0.0305937
-0.0309046
-0.0312191
-0.0315418
-0.0318677
-0.0322014
-0.0325404
-0.0328852
-0.0332366
-0.0335933
-0.0339543
-0.0343205
-0.0346852
-0.0350474
-0.0353999
-0.0357262
-0.0360167
-0.0125193
-0.0134901
-0.0139062
-0.0138325
-0.0134052
-0.0128173
-0.0122897
-0.0120075
-0.0120762
-0.0124815
-0.0131099
-0.0137652
-0.0142467
-0.0144512
-0.0144158
-0.0143193
-0.0143499
-0.0146083
-0.0150404
-0.01547
-0.0157528
-0.0158743
-0.0159697
-0.0161703
-0.0164802
-0.0167931
-0.0170255
-0.0171841
-0.0173011
-0.0174627
-0.0177472
-0.0181415
-0.0184852
-0.0185719
-0.0185708
-0.0187729
-0.0191208
-0.0194699
-0.0197222
-0.0198402
-0.0199314
-0.0201101
-0.0204327
-0.0207465
-0.0208673
-0.020994
-0.0212761
-0.0215671
-0.0218055
-0.0219624
-0.0220904
-0.0223863
-0.0227378
-0.0229211
-0.0230737
-0.02333
-0.0235753
-0.0237727
-0.0240106
-0.0242877
-0.0245385
-0.0247599
-0.0249866
-0.0252155
-0.0254496
-0.0257107
-0.0259754
-0.0262131
-0.0264485
-0.0267078
-0.0269679
-0.0272181
-0.0274757
-0.0277449
-0.0280139
-0.0282804
-0.0285527
-0.0288319
-0.0291143
-0.0294007
-0.0296905
-0.0299866
-0.0302866
-0.0305917
-0.030903
-0.0312179
-0.0315408
-0.0318671
-0.0322012
-0.0325405
-0.0328857
-0.0332376
-0.0335948
-0.0339563
-0.0343229
-0.0346882
-0.0350509
-0.0354039
-0.0357305
-0.0360214
-0.0115653
-0.013475
-0.0149395
-0.015676
-0.0156913
-0.0152155
-0.0145604
-0.0140001
-0.0136922
-0.0136653
-0.0138485
-0.0141125
-0.014353
-0.014533
-0.0146868
-0.0148735
-0.0151012
-0.0153271
-0.0154883
-0.0155643
-0.0156254
-0.015772
-0.0160418
-0.0163599
-0.0166132
-0.0167799
-0.0169098
-0.0170433
-0.0172314
-0.0175226
-0.0178954
-0.0182148
-0.0183315
-0.0183612
-0.0185647
-0.0188987
-0.0191775
-0.0193884
-0.0195688
-0.0197496
-0.0199523
-0.0201563
-0.0203733
-0.020604
-0.0208427
-0.0211115
-0.0213201
-0.0214491
-0.0216604
-0.021928
-0.0221508
-0.0224328
-0.0227194
-0.0228574
-0.0229971
-0.0232774
-0.0235668
-0.0237915
-0.0240226
-0.0242747
-0.0245057
-0.0247155
-0.024946
-0.0252019
-0.0254569
-0.0257095
-0.0259596
-0.0261936
-0.0264278
-0.02669
-0.0269605
-0.0272154
-0.0274674
-0.0277327
-0.0280041
-0.0282737
-0.0285468
-0.0288261
-0.029109
-0.0293961
-0.0296864
-0.0299831
-0.0302837
-0.0305895
-0.0309011
-0.0312166
-0.0315399
-0.0318666
-0.032201
-0.0325407
-0.0328863
-0.0332386
-0.0335962
-0.0339581
-0.0343253
-0.0346911
-0.0350542
-0.0354076
-0.0357345
-0.0360256
-0.00940575
-0.0117196
-0.0140758
-0.0159058
-0.0170133
-0.0174321
-0.0173088
-0.0168276
-0.0161566
-0.0154577
-0.0148682
-0.0145155
-0.0144791
-0.0147428
-0.0152035
-0.0156674
-0.0159547
-0.0159882
-0.0158355
-0.0156794
-0.0156823
-0.0158845
-0.016193
-0.0164821
-0.0166951
-0.0168498
-0.0169757
-0.0171271
-0.0173754
-0.0176761
-0.0179289
-0.0180681
-0.0181495
-0.0183574
-0.0186542
-0.0188614
-0.0190432
-0.01929
-0.0195428
-0.0197452
-0.0199267
-0.0201517
-0.0203736
-0.0205594
-0.0207946
-0.0210467
-0.0212293
-0.0214217
-0.0216866
-0.0219524
-0.0221725
-0.0223865
-0.0225961
-0.0227837
-0.0230106
-0.0233035
-0.0235763
-0.0237882
-0.0239906
-0.0242162
-0.0244574
-0.0247026
-0.0249564
-0.0252122
-0.0254493
-0.0256783
-0.0259262
-0.0261829
-0.0264303
-0.0266848
-0.0269484
-0.0272057
-0.0274595
-0.0277245
-0.0279975
-0.0282689
-0.0285418
-0.0288206
-0.0291042
-0.029392
-0.0296827
-0.0299797
-0.0302807
-0.0305868
-0.0308988
-0.0312146
-0.0315384
-0.0318655
-0.0322003
-0.0325405
-0.0328865
-0.0332393
-0.0335973
-0.0339597
-0.0343273
-0.0346936
-0.0350572
-0.035411
-0.0357382
-0.0360296
-0.00909114
-0.0110584
-0.0134481
-0.0155971
-0.0171649
-0.0180161
-0.0181907
-0.0178456
-0.0172035
-0.0164942
-0.0159035
-0.0155444
-0.0154159
-0.0154469
-0.0155318
-0.0155978
-0.0156625
-0.0157749
-0.0159754
-0.0162296
-0.0164419
-0.0165477
-0.0165624
-0.0165924
-0.0167238
-0.0169417
-0.0171855
-0.0174046
-0.0175605
-0.0176595
-0.0177672
-0.0179338
-0.0182167
-0.018542
-0.0187045
-0.0188054
-0.0190534
-0.0193307
-0.0195289
-0.0196997
-0.0198788
-0.0200859
-0.0203142
-0.0205757
-0.0208272
-0.0209731
-0.0211321
-0.0214327
-0.0217376
-0.0219491
-0.0221054
-0.0222654
-0.0225166
-0.0228274
-0.0230757
-0.0232896
-0.0235266
-0.0237386
-0.0239314
-0.024178
-0.0244696
-0.0247303
-0.0249484
-0.0251695
-0.025411
-0.0256623
-0.0259218
-0.0261808
-0.0264246
-0.0266702
-0.0269318
-0.0271971
-0.0274561
-0.0277191
-0.0279906
-0.0282634
-0.0285376
-0.0288167
-0.0291006
-0.0293891
-0.0296802
-0.0299775
-0.0302787
-0.0305852
-0.0308975
-0.0312135
-0.0315375
-0.0318648
-0.0321999
-0.0325403
-0.0328865
-0.0332396
-0.033598
-0.0339608
-0.0343288
-0.0346955
-0.0350595
-0.0354137
-0.0357413
-0.0360329
-0.0125204
-0.0130629
-0.0140294
-0.0150715
-0.0159437
-0.0165176
-0.0167727
-0.016776
-0.0166353
-0.0164372
-0.0162298
-0.0160169
-0.0158
-0.015603
-0.0154725
-0.0154805
-0.0156486
-0.0159308
-0.0162319
-0.016456
-0.016582
-0.0166436
-0.0167003
-0.0167807
-0.0168747
-0.0170057
-0.0172025
-0.017429
-0.0176119
-0.0177154
-0.0177948
-0.0179907
-0.0183262
-0.0186146
-0.0188182
-0.019008
-0.0190962
-0.0191615
-0.0193993
-0.0197173
-0.0199593
-0.0201216
-0.0203115
-0.0206168
-0.0208626
-0.0209408
-0.0211057
-0.0214375
-0.0217163
-0.0218942
-0.0220538
-0.0222674
-0.0225874
-0.0228817
-0.0230283
-0.023189
-0.0234695
-0.0237381
-0.0239544
-0.0242003
-0.0244634
-0.0246877
-0.0249014
-0.0251488
-0.0254145
-0.0256659
-0.0259081
-0.026158
-0.0264093
-0.0266614
-0.0269219
-0.0271875
-0.0274488
-0.0277112
-0.0279819
-0.0282564
-0.0285324
-0.0288117
-0.0290958
-0.0293851
-0.0296768
-0.0299746
-0.0302763
-0.0305832
-0.0308959
-0.0312123
-0.0315366
-0.0318642
-0.0321997
-0.0325403
-0.0328868
-0.0332402
-0.0335989
-0.0339619
-0.0343302
-0.0346971
-0.0350615
-0.035416
-0.035744
-0.0360362
-0.0163983
-0.0150291
-0.0140111
-0.0136651
-0.0139626
-0.0146726
-0.0154929
-0.0161583
-0.0165005
-0.0164867
-0.0162043
-0.015805
-0.0154515
-0.0152499
-0.0152428
-0.0153942
-0.0156258
-0.0158812
-0.0161164
-0.0163172
-0.0164619
-0.0165323
-0.0165544
-0.0165771
-0.0166911
-0.01692
-0.0171788
-0.0173925
-0.0175458
-0.0177145
-0.0179602
-0.0181933
-0.0183216
-0.0184269
-0.0186067
-0.018787
-0.0189839
-0.0193084
-0.0196115
-0.0197632
-0.019903
-0.0201069
-0.0203382
-0.0205387
-0.0206878
-0.0209381
-0.0213011
-0.0215295
-0.0216116
-0.0217696
-0.0220559
-0.0223921
-0.0226628
-0.0227862
-0.0229055
-0.0232007
-0.0235487
-0.0237687
-0.0239391
-0.0241733
-0.0244304
-0.0246671
-0.0249109
-0.0251662
-0.0254115
-0.0256476
-0.0258916
-0.0261493
-0.0264067
-0.0266589
-0.0269143
-0.0271777
-0.0274419
-0.0277059
-0.0279758
-0.0282502
-0.028527
-0.0288068
-0.0290909
-0.0293805
-0.0296728
-0.0299709
-0.0302728
-0.0305801
-0.0308932
-0.0312098
-0.0315345
-0.0318625
-0.0321982
-0.0325392
-0.032886
-0.0332397
-0.0335987
-0.033962
-0.0343306
-0.0346978
-0.0350624
-0.0354173
-0.0357458
-0.0360389
-0.0179052
-0.015362
-0.0132194
-0.0122354
-0.0125355
-0.0137692
-0.0153659
-0.0167596
-0.0175414
-0.0175681
-0.0169588
-0.0160227
-0.0151291
-0.0145776
-0.0145006
-0.0148223
-0.0153413
-0.0158161
-0.0160815
-0.0161337
-0.0161027
-0.0161835
-0.0164648
-0.0168631
-0.0171816
-0.0172364
-0.017085
-0.0169646
-0.0170834
-0.0174778
-0.0179355
-0.0182539
-0.0184164
-0.0184554
-0.0184602
-0.0186234
-0.0190376
-0.0194404
-0.0195633
-0.0196122
-0.0198337
-0.0201359
-0.0203839
-0.0204919
-0.0205627
-0.0208976
-0.0213855
-0.0215961
-0.0215561
-0.0216719
-0.0221018
-0.022546
-0.0226242
-0.0225342
-0.0228303
-0.0234302
-0.0237298
-0.0236788
-0.0237699
-0.0241416
-0.0245067
-0.0247261
-0.0249108
-0.0251396
-0.0253932
-0.0256478
-0.025901
-0.0261546
-0.0264054
-0.0266561
-0.0269124
-0.0271763
-0.0274412
-0.0277055
-0.0279746
-0.0282484
-0.0285255
-0.0288054
-0.0290894
-0.0293789
-0.0296712
-0.0299693
-0.0302713
-0.0305786
-0.0308918
-0.0312085
-0.0315333
-0.0318613
-0.0321971
-0.0325382
-0.0328851
-0.033239
-0.033598
-0.0339615
-0.0343302
-0.0346975
-0.0350623
-0.0354173
-0.0357462
-0.0360402
)
;

boundaryField
{
    zeroGradientPlanes
    {
        type            zeroGradient;
    }
    inlet
    {
        type            zeroGradient;
    }
    plate
    {
        type            zeroGradient;
    }
    frontAndBack
    {
        type            empty;
    }
}


// ************************************************************************* //
