/*--------------------------------*- C++ -*----------------------------------*\
  =========                 |
  \\      /  F ield         | OpenFOAM: The Open Source CFD Toolbox
   \\    /   O peration     | Website:  https://openfoam.org
    \\  /    A nd           | Version:  6
     \\/     M anipulation  |
\*---------------------------------------------------------------------------*/
FoamFile
{
    version     2.0;
    format      ascii;
    class       volScalarField;
    location    "0.6";
    object      p;
}
// * * * * * * * * * * * * * * * * * * * * * * * * * * * * * * * * * * * * * //

dimensions      [0 2 -2 0 0 0 0];

internalField   nonuniform List<scalar> 
4800
(
-3.92947e-09
-9.816e-05
-0.000157873
-6.98642e-05
-2.49499e-05
-0.000192298
-0.000574142
-0.00123204
-0.00220524
-0.00338262
-0.00502925
-0.00710266
-0.00933591
-0.0115126
-0.0134369
-0.0149572
-0.0160663
-0.0168189
-0.0172424
-0.017211
-7.02672e-07
-9.57044e-05
-0.000158012
-6.98394e-05
-2.5737e-05
-0.000191379
-0.000571692
-0.00123038
-0.00220683
-0.00338465
-0.00502967
-0.00709984
-0.00932838
-0.0115068
-0.0134366
-0.0149669
-0.0160813
-0.0168355
-0.0172649
-0.0172755
-8.94401e-06
-8.69227e-05
-0.000158145
-6.86146e-05
-3.07143e-05
-0.000187775
-0.000561526
-0.00122402
-0.00221143
-0.00339199
-0.00503311
-0.00708979
-0.00930334
-0.0114851
-0.0134319
-0.0149918
-0.0161252
-0.0168827
-0.0173211
-0.0174435
-2.45516e-05
-7.45798e-05
-0.000156142
-6.75308e-05
-3.99627e-05
-0.000183211
-0.000540422
-0.00121055
-0.00221595
-0.00340592
-0.00503864
-0.00707109
-0.00925702
-0.0114433
-0.0134244
-0.0150361
-0.0162061
-0.0169771
-0.0174265
-0.0176616
-3.66291e-05
-6.71733e-05
-0.000150208
-6.71594e-05
-5.31619e-05
-0.000181984
-0.000510427
-0.00118847
-0.00221425
-0.0034193
-0.00504274
-0.00704502
-0.00919723
-0.0113922
-0.013423
-0.0150999
-0.0163226
-0.017121
-0.0176053
-0.0178534
-3.58917e-05
-6.7576e-05
-0.000142163
-6.45338e-05
-7.09874e-05
-0.000183593
-0.000480109
-0.00115983
-0.0021976
-0.00341951
-0.00503863
-0.00701042
-0.00913967
-0.0113534
-0.0134383
-0.0151819
-0.0164708
-0.0172933
-0.0177664
-0.017969
-3.01138e-05
-6.97941e-05
-0.000135139
-5.62914e-05
-8.85549e-05
-0.000186061
-0.000458021
-0.00112812
-0.00215823
-0.00339668
-0.00501117
-0.00696684
-0.00909826
-0.0113413
-0.0134785
-0.015289
-0.0166468
-0.0174738
-0.0178843
-0.0179938
-3.89355e-05
-7.01785e-05
-0.000127165
-4.47952e-05
-9.7259e-05
-0.000188402
-0.00044235
-0.00109936
-0.00209645
-0.00334199
-0.00494709
-0.00691816
-0.00907148
-0.011352
-0.0135466
-0.0154347
-0.0168414
-0.0176597
-0.0179871
-0.0179823
-6.20086e-05
-7.49322e-05
-0.000111879
-3.95289e-05
-9.27212e-05
-0.000185219
-0.000430769
-0.00107585
-0.00201812
-0.0032519
-0.00485259
-0.00685901
-0.0090427
-0.0113724
-0.0136349
-0.0155852
-0.0170454
-0.0178802
-0.0181431
-0.0180663
-6.99901e-05
-9.18476e-05
-8.68566e-05
-4.80302e-05
-7.88535e-05
-0.000171734
-0.000425059
-0.00104436
-0.00193409
-0.00313838
-0.00474481
-0.00677172
-0.00899739
-0.0113853
-0.0137041
-0.0157213
-0.0172619
-0.0181772
-0.0184275
-0.018152
-5.2693e-05
-0.000116227
-5.72469e-05
-6.84904e-05
-6.41408e-05
-0.000149159
-0.000416471
-0.000993772
-0.00185533
-0.00301846
-0.00462645
-0.00665275
-0.00892866
-0.0113605
-0.0137155
-0.0158258
-0.01749
-0.018562
-0.0188946
-0.0182371
-4.82612e-05
-0.000125275
-3.85634e-05
-8.49543e-05
-5.6518e-05
-0.000118687
-0.000393675
-0.000929994
-0.0017742
-0.00289636
-0.00449195
-0.00652195
-0.00882515
-0.0112596
-0.0136588
-0.0158792
-0.0177041
-0.0189868
-0.0194876
-0.0187413
-7.87325e-05
-0.00010458
-4.31086e-05
-8.2037e-05
-5.75481e-05
-8.62756e-05
-0.000356506
-0.000854743
-0.00167275
-0.00277137
-0.00434651
-0.00638113
-0.00866794
-0.0110856
-0.013545
-0.0158562
-0.0178505
-0.0193934
-0.01992
-0.0196791
-0.000108622
-7.58613e-05
-6.12404e-05
-6.65962e-05
-5.83314e-05
-6.35025e-05
-0.000307607
-0.000763897
-0.00155189
-0.00264078
-0.0041848
-0.00620332
-0.00846586
-0.0108727
-0.0133802
-0.015747
-0.0178786
-0.0198443
-0.0207195
-0.0211332
-0.000117252
-6.65251e-05
-7.55286e-05
-5.1667e-05
-4.70697e-05
-5.32008e-05
-0.00025075
-0.000663333
-0.00141915
-0.00248566
-0.00399128
-0.00598802
-0.00824996
-0.0106425
-0.0131569
-0.0155818
-0.0178591
-0.0202663
-0.0220113
-0.0230204
-0.000124143
-7.6636e-05
-7.73027e-05
-3.60554e-05
-2.10736e-05
-4.84795e-05
-0.00019573
-0.000562102
-0.00127118
-0.00230041
-0.00377642
-0.00576242
-0.00801774
-0.0103803
-0.0128828
-0.0154351
-0.0181044
-0.021065
-0.0235577
-0.025037
-0.00013729
-9.10865e-05
-6.46465e-05
-1.97358e-05
9.78024e-06
-4.75947e-05
-0.000151087
-0.000462119
-0.00111087
-0.00210994
-0.00355847
-0.00551786
-0.00774445
-0.0100872
-0.0126141
-0.0153992
-0.0187294
-0.0222372
-0.0252025
-0.0269495
-0.000151135
-9.58198e-05
-4.78881e-05
-1.01568e-05
2.79882e-05
-4.91881e-05
-0.000113581
-0.000361816
-0.000954019
-0.00193322
-0.00333993
-0.00524372
-0.00743904
-0.00979459
-0.0124297
-0.0155667
-0.0195852
-0.0235663
-0.0267953
-0.0286101
-0.000160355
-8.99051e-05
-4.3679e-05
-1.08986e-05
2.30297e-05
-4.45157e-05
-7.20958e-05
-0.000264365
-0.000819663
-0.0017768
-0.00313097
-0.00495833
-0.0071243
-0.00953057
-0.0123918
-0.0160805
-0.0205859
-0.0248627
-0.0281815
-0.0299155
-0.000157729
-8.63339e-05
-5.52941e-05
-2.15441e-05
-2.08958e-07
-2.53104e-05
-1.98824e-05
-0.000183226
-0.000729923
-0.00165623
-0.0029475
-0.00468003
-0.00683044
-0.00935981
-0.0125602
-0.0168595
-0.0216393
-0.0259831
-0.0292119
-0.0307688
-0.000143948
-9.39387e-05
-7.57765e-05
-4.34083e-05
-2.31176e-05
1.1309e-05
3.41915e-05
-0.000152094
-0.000709788
-0.00159233
-0.00280491
-0.00445167
-0.00663429
-0.00938569
-0.0129974
-0.0176843
-0.0225342
-0.0267467
-0.0297573
-0.0311116
-0.000128031
-0.000110356
-0.00010343
-6.79788e-05
-2.39635e-05
5.5051e-05
4.70335e-05
-0.00021622
-0.000775247
-0.00159662
-0.0027366
-0.00435032
-0.00661756
-0.00964727
-0.0136232
-0.0183444
-0.0230389
-0.0270046
-0.0297823
-0.0309794
-0.000117355
-0.000132183
-0.000131841
-7.57185e-05
-5.99495e-06
6.26703e-05
-4.01995e-05
-0.000383579
-0.000914557
-0.00167091
-0.00278413
-0.00443682
-0.00682198
-0.0101024
-0.014201
-0.0186851
-0.0230513
-0.0267316
-0.0293213
-0.0304232
-0.000115777
-0.000154026
-0.000143184
-6.85669e-05
-1.06528e-05
-1.81444e-05
-0.000233906
-0.000603768
-0.00109411
-0.00182634
-0.00299327
-0.00475891
-0.00727577
-0.0106635
-0.014597
-0.0186531
-0.0225738
-0.0259481
-0.0283713
-0.0294216
-0.000123671
-0.000164605
-0.00013479
-8.03993e-05
-7.97242e-05
-0.000188556
-0.000470882
-0.000817965
-0.00130355
-0.00211308
-0.0034266
-0.00534884
-0.00795309
-0.0111881
-0.0147244
-0.0182565
-0.0216818
-0.0247308
-0.0269842
-0.0280128
-0.00013701
-0.000160716
-0.000131631
-0.00013749
-0.00021059
-0.000392515
-0.000682986
-0.0010233
-0.00160103
-0.0025985
-0.00409736
-0.00613095
-0.00867478
-0.0115402
-0.0145624
-0.0176062
-0.0206018
-0.0233354
-0.0254038
-0.0263969
-0.000153886
-0.000155945
-0.000155767
-0.000228438
-0.000363252
-0.000578121
-0.000867667
-0.00129005
-0.00206518
-0.00326849
-0.00488883
-0.00690027
-0.00920741
-0.0116562
-0.0142299
-0.0169248
-0.019621
-0.0220724
-0.02393
-0.024834
-0.000178465
-0.000162521
-0.000204576
-0.00032809
-0.0005031
-0.000746742
-0.00109745
-0.0016953
-0.00267519
-0.00398895
-0.00559716
-0.00742615
-0.00940817
-0.011546
-0.013862
-0.0163589
-0.0188669
-0.0211188
-0.0228192
-0.0236579
-0.000212305
-0.000182293
-0.000268609
-0.000423912
-0.000630699
-0.000950494
-0.00144204
-0.00222102
-0.00329378
-0.00458227
-0.00602837
-0.0075717
-0.00927553
-0.0112436
-0.0134626
-0.0158719
-0.0183151
-0.0205696
-0.0223377
-0.0232855
-0.000251294
-0.000222588
-0.000340465
-0.000514651
-0.000790904
-0.00123937
-0.00186532
-0.0027373
-0.00377253
-0.00492397
-0.00612254
-0.00742398
-0.00897158
-0.0108194
-0.0129488
-0.0153211
-0.0178646
-0.0203925
-0.0225284
-0.0238184
-0.000291656
-0.000292906
-0.000414184
-0.000629041
-0.0010237
-0.0015729
-0.00224194
-0.0031117
-0.00405907
-0.00505701
-0.0060968
-0.0073133
-0.00874186
-0.0103571
-0.0122229
-0.0144661
-0.0171538
-0.0200972
-0.0228006
-0.0246437
-0.000329616
-0.000389766
-0.000506331
-0.000811413
-0.0012801
-0.0018273
-0.0025034
-0.00334648
-0.00425355
-0.00522374
-0.00630507
-0.00750811
-0.00870042
-0.00989108
-0.0112417
-0.0130538
-0.0155846
-0.0187634
-0.0220443
-0.0246338
-0.000362715
-0.00050424
-0.000651481
-0.00103381
-0.00146365
-0.00197039
-0.00270828
-0.00356178
-0.00451932
-0.00560787
-0.00680549
-0.00792434
-0.00880901
-0.00952597
-0.0102704
-0.0113591
-0.0131788
-0.0159955
-0.0194662
-0.0227144
-0.000402073
-0.000626479
-0.000849945
-0.00120383
-0.00157642
-0.00213021
-0.00292723
-0.00381401
-0.0048648
-0.00605641
-0.00727808
-0.00832136
-0.00911959
-0.00967052
-0.0100891
-0.0105673
-0.0114341
-0.0129952
-0.0154562
-0.0184411
-0.000482937
-0.000740461
-0.00103779
-0.00131169
-0.00172255
-0.00236479
-0.00313374
-0.00403498
-0.00512469
-0.00630203
-0.00752038
-0.00871823
-0.00988024
-0.0108568
-0.0115196
-0.0117708
-0.0117183
-0.0116392
-0.0119644
-0.0131397
-0.00063511
-0.000830701
-0.0011408
-0.00144245
-0.00193683
-0.0025484
-0.00327135
-0.00416856
-0.00522317
-0.00640171
-0.00777185
-0.00937179
-0.0111454
-0.0128675
-0.0141652
-0.0146043
-0.0139704
-0.0125283
-0.011019
-0.0104499
-0.000835283
-0.000894652
-0.00117736
-0.0016014
-0.00210577
-0.00262415
-0.0033573
-0.00423893
-0.00528384
-0.0066164
-0.00829497
-0.0102919
-0.0124434
-0.0145601
-0.0163932
-0.0176173
-0.0178101
-0.016927
-0.0154967
-0.0143865
-0.00101722
-0.000950111
-0.00123662
-0.00171097
-0.00214837
-0.00270765
-0.00344755
-0.00429812
-0.00538431
-0.00687738
-0.0087781
-0.0109892
-0.0133616
-0.015786
-0.0181511
-0.0203819
-0.0224437
-0.0241767
-0.0251227
-0.0247977
-0.00107889
-0.00100096
-0.00130789
-0.00174616
-0.00216404
-0.00285051
-0.00356206
-0.00436515
-0.00542528
-0.00686893
-0.00874284
-0.011077
-0.0139673
-0.0174239
-0.0212943
-0.025248
-0.0288574
-0.0316555
-0.0332596
-0.0331902
-0.00103261
-0.0010356
-0.00134286
-0.00173443
-0.00220446
-0.00293816
-0.00364501
-0.00440914
-0.005394
-0.00670459
-0.00846586
-0.0109023
-0.0143359
-0.0189073
-0.0245215
-0.0307623
-0.036586
-0.0405697
-0.0416945
-0.0395388
-0.0164867
-0.0152123
-0.0140226
-0.0132858
-0.0130312
-0.0131987
-0.0136276
-0.0141213
-0.0146021
-0.015066
-0.0154904
-0.0158459
-0.0161818
-0.0165377
-0.016909
-0.0173446
-0.0178466
-0.0184177
-0.0189931
-0.0195726
-0.02018
-0.0207497
-0.021435
-0.0222409
-0.0230589
-0.0238529
-0.0244978
-0.0249553
-0.0251721
-0.0251838
-0.0250602
-0.0247692
-0.0244443
-0.0241283
-0.0238015
-0.0236278
-0.0235216
-0.0233981
-0.0234251
-0.0234611
-0.0234128
-0.0234734
-0.0235984
-0.0236985
-0.0237691
-0.0238158
-0.0239217
-0.0240456
-0.0241509
-0.0242434
-0.0242811
-0.0243862
-0.0245179
-0.0245456
-0.0246637
-0.0248056
-0.0247681
-0.024847
-0.0250932
-0.0251416
-0.0250813
-0.0251939
-0.0253599
-0.0254068
-0.02542
-0.0255058
-0.0255972
-0.025634
-0.0256854
-0.0257715
-0.0258229
-0.0258624
-0.0259369
-0.0260002
-0.0260381
-0.0260954
-0.0261669
-0.0262198
-0.0262683
-0.026332
-0.0263951
-0.0264529
-0.0265113
-0.0265756
-0.0266391
-0.0267026
-0.0267669
-0.0268335
-0.026899
-0.0269675
-0.0270333
-0.0271027
-0.0271685
-0.0272365
-0.0272987
-0.0273629
-0.0274148
-0.02747
-0.0275077
-0.027551
-0.0166569
-0.0154199
-0.0141984
-0.0134216
-0.0131422
-0.0132843
-0.0136834
-0.0141652
-0.0146419
-0.0150991
-0.0155228
-0.0158814
-0.0162176
-0.0165703
-0.0169426
-0.0173787
-0.0178773
-0.0184436
-0.0190135
-0.0195916
-0.0201979
-0.0207662
-0.0214423
-0.0222326
-0.0230426
-0.0238256
-0.0244554
-0.0249119
-0.0251355
-0.0251526
-0.0250351
-0.0247493
-0.0244306
-0.0241203
-0.0237949
-0.0236241
-0.0235203
-0.023395
-0.0234223
-0.0234598
-0.0234113
-0.0234716
-0.0235963
-0.0236968
-0.0237676
-0.0238142
-0.0239202
-0.0240433
-0.0241488
-0.0242423
-0.0242792
-0.0243843
-0.0245168
-0.0245437
-0.0246623
-0.0248053
-0.0247668
-0.0248453
-0.0250928
-0.0251412
-0.0250801
-0.025193
-0.0253596
-0.0254064
-0.0254195
-0.0255054
-0.025597
-0.0256337
-0.0256851
-0.0257714
-0.0258228
-0.0258622
-0.0259368
-0.0260002
-0.0260381
-0.0260953
-0.0261669
-0.0262198
-0.0262683
-0.026332
-0.0263951
-0.0264529
-0.0265113
-0.0265756
-0.0266391
-0.0267026
-0.0267669
-0.0268335
-0.026899
-0.0269675
-0.0270333
-0.0271028
-0.0271685
-0.0272365
-0.0272987
-0.0273629
-0.0274148
-0.02747
-0.027508
-0.027551
-0.0168905
-0.0156934
-0.0144393
-0.0136088
-0.013293
-0.0133923
-0.0137407
-0.0141977
-0.0146699
-0.0151223
-0.0155474
-0.0159166
-0.0162568
-0.0166078
-0.0169828
-0.0174221
-0.0179195
-0.0184756
-0.0190387
-0.019615
-0.0202158
-0.0207856
-0.0214515
-0.0222151
-0.023004
-0.023764
-0.0243713
-0.0248216
-0.0250557
-0.0250875
-0.0249805
-0.0247061
-0.0243999
-0.0240995
-0.0237826
-0.0236165
-0.0235165
-0.0233931
-0.0234176
-0.0234557
-0.0234112
-0.0234721
-0.0235943
-0.0236934
-0.0237657
-0.0238135
-0.0239189
-0.0240409
-0.0241451
-0.0242393
-0.0242776
-0.0243819
-0.0245137
-0.0245411
-0.0246596
-0.0248029
-0.0247653
-0.0248434
-0.02509
-0.0251389
-0.0250788
-0.0251915
-0.0253576
-0.0254048
-0.0254182
-0.0255043
-0.025596
-0.0256327
-0.0256843
-0.0257707
-0.0258221
-0.0258616
-0.0259363
-0.0259998
-0.0260377
-0.026095
-0.0261667
-0.0262196
-0.0262681
-0.0263318
-0.0263949
-0.0264528
-0.0265113
-0.0265756
-0.0266391
-0.0267026
-0.0267669
-0.0268335
-0.026899
-0.0269675
-0.0270334
-0.0271028
-0.0271685
-0.0272365
-0.0272988
-0.027363
-0.0274149
-0.02747
-0.0275087
-0.0275515
-0.0171232
-0.0159681
-0.0147035
-0.0138299
-0.013471
-0.013512
-0.0137936
-0.0142088
-0.0146735
-0.0151259
-0.0155548
-0.0159416
-0.0162903
-0.0166413
-0.0170184
-0.0174651
-0.0179626
-0.0185032
-0.0190632
-0.0196375
-0.0202298
-0.0208014
-0.0214551
-0.0221852
-0.0229411
-0.0236727
-0.0242543
-0.0246953
-0.0249448
-0.0249961
-0.0249056
-0.0246499
-0.0243541
-0.0240688
-0.0237703
-0.0236051
-0.0235099
-0.0233942
-0.0234108
-0.0234479
-0.0234125
-0.0234742
-0.0235909
-0.0236879
-0.0237634
-0.0238117
-0.0239174
-0.0240399
-0.024138
-0.0242326
-0.024278
-0.0243783
-0.0245066
-0.024539
-0.0246551
-0.0247957
-0.0247645
-0.0248427
-0.0250826
-0.0251331
-0.0250782
-0.0251894
-0.0253526
-0.0254012
-0.0254161
-0.0255017
-0.0255932
-0.0256306
-0.0256824
-0.0257688
-0.0258204
-0.0258603
-0.025935
-0.0259986
-0.0260367
-0.0260941
-0.0261659
-0.0262189
-0.0262676
-0.0263314
-0.0263945
-0.0264525
-0.026511
-0.0265753
-0.0266388
-0.0267024
-0.0267667
-0.0268334
-0.026899
-0.0269675
-0.0270333
-0.0271028
-0.0271685
-0.0272366
-0.0272989
-0.0273631
-0.0274153
-0.02747
-0.02751
-0.0275532
-0.0173193
-0.0162203
-0.0149819
-0.0140943
-0.0136879
-0.0136541
-0.0138537
-0.0142087
-0.0146571
-0.0151108
-0.015548
-0.0159565
-0.0163198
-0.0166727
-0.0170518
-0.0175121
-0.0180077
-0.0185329
-0.0190939
-0.0196633
-0.0202431
-0.0208118
-0.0214485
-0.0221414
-0.0228614
-0.0235614
-0.0241167
-0.0245512
-0.0248166
-0.0248907
-0.0248249
-0.024589
-0.0243016
-0.0240373
-0.0237624
-0.0235962
-0.0235062
-0.0233988
-0.0234029
-0.0234396
-0.0234169
-0.0234769
-0.0235863
-0.0236824
-0.0237607
-0.0238099
-0.0239172
-0.0240389
-0.0241275
-0.024224
-0.0242804
-0.0243734
-0.0244961
-0.0245372
-0.0246494
-0.0247847
-0.0247642
-0.0248428
-0.0250708
-0.0251241
-0.0250786
-0.0251867
-0.0253446
-0.0253957
-0.0254134
-0.0254977
-0.0255887
-0.0256274
-0.0256795
-0.0257655
-0.0258177
-0.025858
-0.0259327
-0.0259965
-0.026035
-0.0260926
-0.0261644
-0.0262177
-0.0262666
-0.0263305
-0.0263937
-0.0264518
-0.0265104
-0.0265748
-0.0266384
-0.026702
-0.0267664
-0.0268332
-0.0268987
-0.0269673
-0.0270332
-0.0271028
-0.0271686
-0.0272366
-0.0272992
-0.0273631
-0.027416
-0.02747
-0.0275119
-0.0275559
-0.0174697
-0.0164474
-0.0152802
-0.0144168
-0.013963
-0.0138364
-0.0139364
-0.014214
-0.0146301
-0.0150818
-0.0155334
-0.0159693
-0.0163524
-0.0167099
-0.0170948
-0.017568
-0.0180601
-0.0185716
-0.0191334
-0.0196912
-0.0202517
-0.0208148
-0.0214279
-0.0220863
-0.0227756
-0.0234394
-0.0239712
-0.0244014
-0.0246799
-0.0247822
-0.0247439
-0.0245267
-0.0242498
-0.0240071
-0.0237583
-0.0235935
-0.023506
-0.0234042
-0.0233947
-0.0234329
-0.0234237
-0.0234791
-0.0235811
-0.023677
-0.0237578
-0.0238097
-0.0239176
-0.0240358
-0.0241151
-0.0242153
-0.0242837
-0.0243677
-0.0244831
-0.0245348
-0.0246432
-0.024772
-0.0247639
-0.0248427
-0.0250565
-0.0251138
-0.0250797
-0.0251832
-0.0253344
-0.0253892
-0.0254103
-0.0254927
-0.0255832
-0.0256238
-0.0256761
-0.0257614
-0.0258142
-0.0258552
-0.0259299
-0.0259939
-0.026033
-0.0260907
-0.0261624
-0.026216
-0.0262653
-0.0263293
-0.0263925
-0.0264508
-0.0265095
-0.0265741
-0.0266377
-0.0267015
-0.0267659
-0.0268328
-0.0268984
-0.0269671
-0.0270331
-0.0271026
-0.0271686
-0.0272366
-0.0272995
-0.0273631
-0.0274168
-0.02747
-0.027514
-0.0275592
-0.0175532
-0.0166504
-0.0156034
-0.0148001
-0.0143068
-0.0140723
-0.014056
-0.01424
-0.0146032
-0.015046
-0.0155171
-0.0159872
-0.0163904
-0.0167576
-0.0171521
-0.0176297
-0.018119
-0.0186178
-0.0191762
-0.0197166
-0.0202551
-0.0208137
-0.0213999
-0.0220279
-0.0226886
-0.0233131
-0.0238244
-0.0242493
-0.0245401
-0.024672
-0.0246589
-0.0244643
-0.0242013
-0.0239763
-0.0237566
-0.0235962
-0.0235066
-0.0234102
-0.0233881
-0.023426
-0.0234302
-0.0234807
-0.0235749
-0.0236701
-0.0237557
-0.0238116
-0.0239161
-0.0240303
-0.0241032
-0.0242057
-0.0242864
-0.0243622
-0.0244681
-0.024531
-0.0246375
-0.0247585
-0.0247625
-0.0248423
-0.0250413
-0.0251028
-0.0250807
-0.025179
-0.0253231
-0.0253825
-0.0254072
-0.0254872
-0.0255771
-0.0256197
-0.0256722
-0.0257569
-0.0258104
-0.0258521
-0.0259266
-0.0259909
-0.0260307
-0.0260885
-0.0261601
-0.0262142
-0.0262638
-0.0263278
-0.0263912
-0.0264497
-0.0265086
-0.0265732
-0.0266369
-0.0267008
-0.0267654
-0.0268323
-0.026898
-0.0269668
-0.0270329
-0.0271025
-0.0271687
-0.0272365
-0.0272999
-0.0273631
-0.0274177
-0.0274702
-0.0275163
-0.0275629
-0.0175693
-0.0168303
-0.0159473
-0.0152293
-0.0147075
-0.014362
-0.0142192
-0.0142949
-0.0145831
-0.0150069
-0.0154991
-0.016002
-0.0164258
-0.0168095
-0.0172183
-0.0176945
-0.0181814
-0.0186715
-0.0192182
-0.0197411
-0.020261
-0.0208105
-0.0213716
-0.0219655
-0.0225912
-0.0231805
-0.0236755
-0.0240976
-0.0244009
-0.0245573
-0.0245681
-0.0244018
-0.0241547
-0.023945
-0.0237553
-0.0235983
-0.0235052
-0.0234176
-0.0233811
-0.023415
-0.0234347
-0.0234815
-0.0235666
-0.023662
-0.0237547
-0.0238136
-0.0239115
-0.024024
-0.0240922
-0.024194
-0.024288
-0.0243577
-0.0244515
-0.0245259
-0.0246328
-0.0247443
-0.0247599
-0.0248425
-0.0250258
-0.0250905
-0.0250814
-0.0251748
-0.0253112
-0.0253752
-0.025404
-0.0254812
-0.0255704
-0.0256154
-0.0256682
-0.025752
-0.0258062
-0.0258487
-0.025923
-0.0259876
-0.0260281
-0.0260861
-0.0261577
-0.0262121
-0.0262621
-0.0263262
-0.0263896
-0.0264484
-0.0265075
-0.0265722
-0.026636
-0.0267
-0.0267647
-0.0268318
-0.0268976
-0.0269664
-0.0270327
-0.0271022
-0.0271688
-0.0272365
-0.0273004
-0.0273632
-0.0274187
-0.0274707
-0.0275186
-0.0275666
-0.0176553
-0.0170019
-0.0163099
-0.0156847
-0.0151369
-0.01469
-0.0144192
-0.0143758
-0.0145687
-0.0149634
-0.0154729
-0.0160006
-0.016452
-0.0168613
-0.0172945
-0.0177703
-0.0182523
-0.018734
-0.0192569
-0.0197646
-0.0202663
-0.0207984
-0.0213374
-0.0218931
-0.0224787
-0.0230402
-0.0235288
-0.0239535
-0.024265
-0.0244376
-0.0244711
-0.0243342
-0.0241036
-0.0239116
-0.0237507
-0.0235945
-0.0235018
-0.0234253
-0.0233702
-0.0233996
-0.0234378
-0.0234797
-0.0235565
-0.0236541
-0.0237518
-0.0238126
-0.0239057
-0.0240181
-0.0240804
-0.0241795
-0.0242889
-0.0243537
-0.0244331
-0.0245201
-0.0246283
-0.0247282
-0.0247565
-0.0248436
-0.0250091
-0.0250762
-0.0250824
-0.0251709
-0.0252981
-0.0253671
-0.0254005
-0.0254748
-0.0255632
-0.0256107
-0.0256638
-0.0257466
-0.0258016
-0.0258451
-0.0259192
-0.025984
-0.0260253
-0.0260834
-0.026155
-0.0262098
-0.0262603
-0.0263245
-0.026388
-0.0264471
-0.0265064
-0.0265712
-0.0266351
-0.0266992
-0.0267641
-0.0268312
-0.0268972
-0.026966
-0.0270325
-0.027102
-0.0271689
-0.0272364
-0.0273009
-0.0273633
-0.0274197
-0.0274714
-0.0275208
-0.0275704
-0.0177218
-0.0172011
-0.016708
-0.0161543
-0.0155669
-0.0150266
-0.0146339
-0.0144663
-0.0145559
-0.0149166
-0.0154377
-0.0159874
-0.0164758
-0.0169235
-0.0173898
-0.0178657
-0.0183373
-0.0187995
-0.0192895
-0.01978
-0.020263
-0.0207763
-0.0212944
-0.0218189
-0.0223652
-0.0229001
-0.0233905
-0.0238156
-0.0241284
-0.024314
-0.0243659
-0.0242574
-0.0240468
-0.0238747
-0.0237428
-0.0235898
-0.0234988
-0.0234312
-0.0233557
-0.0233831
-0.0234405
-0.0234752
-0.0235465
-0.0236468
-0.0237439
-0.0238096
-0.023903
-0.0240122
-0.0240662
-0.0241637
-0.0242896
-0.0243492
-0.0244138
-0.0245146
-0.0246236
-0.0247101
-0.0247526
-0.0248456
-0.0249911
-0.0250603
-0.0250838
-0.0251669
-0.0252837
-0.0253582
-0.0253971
-0.0254681
-0.0255552
-0.0256055
-0.025659
-0.0257408
-0.0257968
-0.0258412
-0.0259151
-0.0259802
-0.0260224
-0.0260807
-0.0261522
-0.0262075
-0.0262584
-0.0263227
-0.0263863
-0.0264456
-0.0265051
-0.02657
-0.0266341
-0.0266983
-0.0267633
-0.0268305
-0.0268967
-0.0269655
-0.0270323
-0.0271017
-0.0271691
-0.0272363
-0.0273015
-0.0273634
-0.0274207
-0.0274723
-0.0275228
-0.0275743
-0.017781
-0.0175099
-0.0171665
-0.0166237
-0.0159631
-0.0153242
-0.0148188
-0.0145372
-0.0145413
-0.0148723
-0.0154028
-0.0159774
-0.016507
-0.0170024
-0.0174998
-0.0179743
-0.0184301
-0.0188613
-0.0193156
-0.0197855
-0.0202546
-0.0207518
-0.0212467
-0.0217498
-0.02226
-0.0227647
-0.0232548
-0.0236718
-0.023986
-0.024189
-0.0242538
-0.0241758
-0.0239911
-0.023833
-0.0237305
-0.0235872
-0.0234948
-0.0234334
-0.0233392
-0.0233655
-0.0234432
-0.0234714
-0.023538
-0.0236372
-0.0237315
-0.0238088
-0.0239038
-0.0240042
-0.0240507
-0.0241488
-0.0242902
-0.0243445
-0.0243945
-0.0245094
-0.0246189
-0.0246905
-0.0247483
-0.0248485
-0.0249726
-0.0250433
-0.0250852
-0.025163
-0.0252685
-0.025349
-0.0253937
-0.0254609
-0.0255466
-0.0256001
-0.0256542
-0.0257349
-0.0257917
-0.0258371
-0.0259108
-0.0259762
-0.0260192
-0.0260777
-0.0261492
-0.026205
-0.0262563
-0.0263206
-0.0263844
-0.026444
-0.0265038
-0.0265688
-0.026633
-0.0266973
-0.0267626
-0.0268297
-0.0268962
-0.026965
-0.0270322
-0.0271013
-0.0271693
-0.0272362
-0.0273021
-0.0273637
-0.0274218
-0.0274735
-0.0275247
-0.0275783
-0.0183061
-0.0180665
-0.0177066
-0.0170689
-0.0162802
-0.0155248
-0.0149176
-0.0145572
-0.0145191
-0.0148359
-0.015375
-0.0159731
-0.0165462
-0.017089
-0.0176115
-0.0180832
-0.018523
-0.0189249
-0.0193402
-0.0197885
-0.0202482
-0.0207265
-0.0211926
-0.021673
-0.0221555
-0.0226342
-0.0231156
-0.0235233
-0.0238451
-0.0240632
-0.0241355
-0.0240905
-0.0239334
-0.0237847
-0.0237109
-0.0235793
-0.023485
-0.0234343
-0.0233244
-0.0233452
-0.0234447
-0.02347
-0.0235273
-0.0236215
-0.0237175
-0.0238107
-0.0239032
-0.0239933
-0.0240371
-0.0241343
-0.0242884
-0.02434
-0.0243747
-0.0245024
-0.0246146
-0.0246707
-0.0247421
-0.0248513
-0.0249542
-0.025025
-0.0250859
-0.0251591
-0.0252525
-0.0253387
-0.0253898
-0.0254533
-0.0255376
-0.0255944
-0.025649
-0.0257284
-0.025786
-0.0258325
-0.0259061
-0.0259718
-0.0260157
-0.0260744
-0.0261459
-0.0262021
-0.0262539
-0.0263183
-0.0263823
-0.0264422
-0.0265023
-0.0265674
-0.0266319
-0.0266963
-0.0267618
-0.026829
-0.0268957
-0.0269644
-0.027032
-0.027101
-0.0271695
-0.0272361
-0.0273028
-0.027364
-0.0274229
-0.0274747
-0.0275264
-0.0275823
-0.0193456
-0.0189668
-0.0183506
-0.0174628
-0.0164723
-0.0155781
-0.0148868
-0.0145017
-0.014473
-0.0147992
-0.015345
-0.0159657
-0.0165906
-0.0171796
-0.0177259
-0.0181923
-0.0186177
-0.0189957
-0.0193652
-0.0197886
-0.020238
-0.0206963
-0.0211309
-0.0215828
-0.0220504
-0.022514
-0.0229791
-0.0233829
-0.0237151
-0.0239326
-0.0240079
-0.0239956
-0.0238639
-0.0237333
-0.023691
-0.0235653
-0.0234682
-0.0234339
-0.0233129
-0.0233246
-0.0234437
-0.0234668
-0.0235126
-0.0236041
-0.0237055
-0.023812
-0.0238989
-0.0239823
-0.0240272
-0.0241188
-0.024283
-0.0243365
-0.024355
-0.0244924
-0.024611
-0.024652
-0.0247335
-0.0248526
-0.0249362
-0.0250058
-0.0250854
-0.0251546
-0.0252358
-0.0253276
-0.0253856
-0.0254453
-0.0255278
-0.0255879
-0.025643
-0.0257211
-0.0257799
-0.0258277
-0.025901
-0.025967
-0.0260119
-0.0260707
-0.0261423
-0.0261991
-0.0262515
-0.026316
-0.0263803
-0.0264405
-0.0265009
-0.026566
-0.0266307
-0.0266952
-0.026761
-0.0268281
-0.0268952
-0.0269637
-0.0270318
-0.0271006
-0.0271697
-0.027236
-0.0273034
-0.0273644
-0.0274239
-0.0274761
-0.027528
-0.0275863
-0.0209588
-0.0202151
-0.0190865
-0.0177734
-0.0164991
-0.0154467
-0.0147017
-0.0143432
-0.014367
-0.0147294
-0.0152932
-0.0159533
-0.0166441
-0.0172839
-0.0178508
-0.0183035
-0.0187099
-0.0190603
-0.0193824
-0.0197737
-0.0202116
-0.0206629
-0.0210718
-0.0214964
-0.021954
-0.0224009
-0.0228454
-0.023246
-0.0235852
-0.0237957
-0.0238752
-0.0238911
-0.02378
-0.0236782
-0.0236729
-0.0235495
-0.0234463
-0.0234255
-0.0233005
-0.0233092
-0.0234413
-0.0234574
-0.0234973
-0.0235916
-0.0236928
-0.0238078
-0.0238933
-0.0239732
-0.0240193
-0.0241035
-0.0242754
-0.024333
-0.0243357
-0.0244799
-0.0246067
-0.0246347
-0.0247231
-0.0248514
-0.0249184
-0.0249866
-0.0250836
-0.0251492
-0.0252186
-0.0253158
-0.0253805
-0.0254364
-0.0255172
-0.0255809
-0.0256368
-0.0257136
-0.0257734
-0.0258225
-0.0258956
-0.025962
-0.0260079
-0.026067
-0.0261387
-0.0261961
-0.026249
-0.0263136
-0.0263781
-0.0264385
-0.0264992
-0.0265644
-0.0266293
-0.0266939
-0.02676
-0.0268271
-0.0268946
-0.0269631
-0.0270316
-0.0271003
-0.02717
-0.0272361
-0.0273041
-0.027365
-0.0274249
-0.0274775
-0.0275296
-0.0275903
-0.0228364
-0.0216608
-0.019854
-0.0179752
-0.0163426
-0.0151198
-0.0143537
-0.0140571
-0.0141651
-0.0145967
-0.0152196
-0.0159552
-0.0167204
-0.0174076
-0.0179805
-0.0184112
-0.0187896
-0.0191073
-0.0193923
-0.0197456
-0.0201697
-0.0206265
-0.0210208
-0.0214271
-0.0218661
-0.0222837
-0.0227092
-0.0231006
-0.0234411
-0.0236594
-0.0237497
-0.0237844
-0.0236897
-0.0236132
-0.0236432
-0.0235316
-0.0234238
-0.0234101
-0.0232881
-0.0232983
-0.0234351
-0.0234439
-0.0234858
-0.0235812
-0.0236736
-0.0238006
-0.0238927
-0.0239642
-0.0240098
-0.0240907
-0.0242655
-0.024326
-0.0243178
-0.0244657
-0.024599
-0.024618
-0.0247121
-0.0248474
-0.0248998
-0.0249675
-0.0250805
-0.0251426
-0.0252005
-0.0253029
-0.0253749
-0.0254274
-0.0255064
-0.0255735
-0.0256302
-0.0257057
-0.0257667
-0.0258171
-0.0258902
-0.0259569
-0.0260038
-0.0260631
-0.0261347
-0.0261927
-0.0262462
-0.0263108
-0.0263754
-0.0264362
-0.0264973
-0.0265626
-0.0266278
-0.0266925
-0.026759
-0.0268261
-0.026894
-0.0269624
-0.0270315
-0.0271
-0.0271702
-0.0272362
-0.0273046
-0.0273657
-0.0274259
-0.027479
-0.0275312
-0.0275943
-0.0248086
-0.0231098
-0.0205673
-0.0180581
-0.0160217
-0.0146211
-0.0138525
-0.0136401
-0.0138636
-0.0144096
-0.0151543
-0.0159988
-0.0168298
-0.0175408
-0.0180996
-0.01851
-0.0188566
-0.0191453
-0.0194081
-0.0197234
-0.0201213
-0.0205731
-0.0209662
-0.0213662
-0.02178
-0.0221675
-0.022582
-0.0229588
-0.0232912
-0.0235263
-0.0236238
-0.0236679
-0.0236026
-0.0235451
-0.0235947
-0.023508
-0.0234012
-0.0233903
-0.023283
-0.0232897
-0.0234181
-0.0234308
-0.0234816
-0.0235695
-0.0236509
-0.0237953
-0.023894
-0.0239499
-0.023998
-0.0240813
-0.0242516
-0.0243149
-0.0243028
-0.0244489
-0.0245853
-0.0246019
-0.024702
-0.0248409
-0.0248807
-0.0249484
-0.025076
-0.0251353
-0.0251825
-0.0252898
-0.0253691
-0.0254184
-0.025495
-0.0255656
-0.0256235
-0.0256977
-0.0257598
-0.0258115
-0.0258842
-0.025951
-0.025999
-0.0260584
-0.0261302
-0.0261888
-0.026243
-0.0263076
-0.0263726
-0.0264338
-0.0264954
-0.0265608
-0.0266265
-0.0266913
-0.0267581
-0.0268252
-0.0268934
-0.0269617
-0.0270311
-0.0270996
-0.0271702
-0.0272363
-0.0273052
-0.0273666
-0.0274269
-0.0274806
-0.0275329
-0.0275981
-0.026633
-0.0244003
-0.0211505
-0.0180269
-0.0155863
-0.0140065
-0.0132387
-0.0131292
-0.0135062
-0.0142184
-0.0151331
-0.0160964
-0.0169729
-0.0176795
-0.0182139
-0.0186081
-0.018921
-0.0191847
-0.0194309
-0.0197167
-0.020076
-0.0205016
-0.0209071
-0.0213074
-0.0216956
-0.0220619
-0.0224701
-0.0228348
-0.0231496
-0.0233919
-0.0234805
-0.0235222
-0.0235168
-0.0234944
-0.0235403
-0.0234784
-0.0233748
-0.0233548
-0.0232794
-0.0232919
-0.0233973
-0.0234166
-0.0234779
-0.0235562
-0.0236332
-0.0237879
-0.0238833
-0.0239307
-0.023992
-0.0240746
-0.0242288
-0.0242986
-0.024292
-0.0244293
-0.024566
-0.0245884
-0.0246934
-0.0248326
-0.0248627
-0.0249294
-0.0250688
-0.0251282
-0.0251662
-0.025276
-0.025362
-0.0254092
-0.0254836
-0.0255573
-0.0256161
-0.0256887
-0.0257514
-0.0258044
-0.0258771
-0.0259445
-0.0259937
-0.0260535
-0.0261255
-0.0261849
-0.0262398
-0.0263046
-0.02637
-0.0264316
-0.0264936
-0.0265591
-0.0266249
-0.0266897
-0.0267568
-0.0268238
-0.0268925
-0.0269608
-0.0270308
-0.0270993
-0.0271704
-0.0272367
-0.0273058
-0.0273676
-0.0274278
-0.0274822
-0.0275346
-0.0276018
-0.0281201
-0.025414
-0.0215552
-0.0179037
-0.0151087
-0.0133647
-0.0125972
-0.0126062
-0.0131683
-0.0140803
-0.0151712
-0.0162395
-0.0171519
-0.0178493
-0.0183585
-0.0187244
-0.0189883
-0.0192151
-0.0194366
-0.0197064
-0.0200376
-0.0204384
-0.0208664
-0.0212617
-0.0216169
-0.0219569
-0.0223495
-0.0227165
-0.0230209
-0.0232644
-0.0233392
-0.0233581
-0.0234171
-0.0234534
-0.0234828
-0.023441
-0.0233519
-0.0233039
-0.023261
-0.0233058
-0.0233876
-0.0234018
-0.0234648
-0.0235374
-0.0236227
-0.0237755
-0.0238571
-0.0239109
-0.023994
-0.0240674
-0.0241947
-0.0242769
-0.0242884
-0.0244116
-0.0245439
-0.0245783
-0.0246846
-0.0248207
-0.0248475
-0.0249114
-0.0250572
-0.0251209
-0.0251527
-0.0252608
-0.0253521
-0.0253993
-0.0254714
-0.0255466
-0.0256063
-0.0256783
-0.0257425
-0.0257974
-0.0258702
-0.0259382
-0.0259886
-0.0260487
-0.0261209
-0.0261811
-0.0262366
-0.0263014
-0.0263671
-0.026429
-0.0264913
-0.0265567
-0.0266229
-0.0266878
-0.0267554
-0.0268226
-0.0268918
-0.0269603
-0.0270306
-0.0270991
-0.0271705
-0.0272371
-0.0273062
-0.0273686
-0.0274288
-0.0274838
-0.0275364
-0.0276053
-0.0291886
-0.0260912
-0.0217695
-0.0177237
-0.0146627
-0.0127904
-0.0120299
-0.0121601
-0.012912
-0.0140169
-0.0152538
-0.0164083
-0.0173647
-0.0180699
-0.0185478
-0.0188578
-0.0190488
-0.0192194
-0.0194065
-0.0196667
-0.0199989
-0.0204005
-0.0208565
-0.0212413
-0.0215556
-0.0218542
-0.0222055
-0.0225809
-0.022891
-0.0231378
-0.0232196
-0.0232115
-0.0233011
-0.0233885
-0.0234024
-0.02339
-0.0233452
-0.0232681
-0.0232338
-0.0233097
-0.0233764
-0.0233918
-0.023453
-0.0235108
-0.023606
-0.0237597
-0.0238306
-0.0238913
-0.0239915
-0.0240579
-0.0241594
-0.0242553
-0.0242925
-0.0243969
-0.0245185
-0.0245697
-0.024673
-0.0248019
-0.0248359
-0.0248978
-0.0250402
-0.0251101
-0.0251409
-0.0252434
-0.0253372
-0.0253873
-0.0254586
-0.0255352
-0.0255969
-0.0256691
-0.0257344
-0.0257905
-0.0258634
-0.0259317
-0.0259833
-0.0260435
-0.0261158
-0.0261766
-0.0262328
-0.0262975
-0.0263634
-0.0264257
-0.0264886
-0.0265543
-0.026621
-0.0266863
-0.0267544
-0.0268217
-0.026891
-0.0269595
-0.02703
-0.0270988
-0.0271704
-0.0272375
-0.0273068
-0.0273698
-0.0274299
-0.0274853
-0.0275382
-0.0276087
-0.0298086
-0.0264312
-0.021817
-0.0175271
-0.014304
-0.0123542
-0.0116179
-0.0118574
-0.0127706
-0.0140271
-0.0153681
-0.0165947
-0.0175955
-0.0183117
-0.0187419
-0.0189835
-0.0191066
-0.0192247
-0.019379
-0.0196139
-0.0199532
-0.0203653
-0.0208411
-0.0212262
-0.0215141
-0.0217796
-0.0220697
-0.022428
-0.0227376
-0.0229779
-0.023096
-0.023104
-0.0232054
-0.0233098
-0.0233045
-0.0233198
-0.0233325
-0.0232562
-0.0232234
-0.0232951
-0.0233398
-0.0233816
-0.0234573
-0.0234855
-0.0235724
-0.0237354
-0.0238137
-0.0238748
-0.0239766
-0.0240456
-0.0241318
-0.0242379
-0.0243002
-0.0243793
-0.024485
-0.0245618
-0.0246608
-0.0247763
-0.0248269
-0.0248896
-0.0250161
-0.0250907
-0.0251288
-0.0252264
-0.0253204
-0.0253761
-0.0254487
-0.0255253
-0.0255874
-0.0256594
-0.0257258
-0.0257831
-0.0258558
-0.0259245
-0.025977
-0.0260372
-0.0261096
-0.0261713
-0.0262283
-0.0262932
-0.0263597
-0.0264228
-0.0264864
-0.0265523
-0.0266194
-0.0266848
-0.0267529
-0.0268201
-0.0268897
-0.0269585
-0.0270294
-0.0270987
-0.0271705
-0.0272381
-0.0273074
-0.0273709
-0.027431
-0.0274868
-0.02754
-0.0276119
-0.0299945
-0.0264851
-0.0217577
-0.0173681
-0.0140793
-0.0121083
-0.0114163
-0.0117458
-0.0127682
-0.0141224
-0.0155309
-0.0168091
-0.0178215
-0.0185129
-0.0188819
-0.0190739
-0.0191739
-0.0192693
-0.0194003
-0.0195871
-0.0199064
-0.0203088
-0.0207765
-0.0211742
-0.0214705
-0.0217426
-0.0219887
-0.0222987
-0.0225787
-0.0227845
-0.0229406
-0.0230177
-0.0231427
-0.0232414
-0.0232191
-0.023235
-0.0232736
-0.0232368
-0.0232387
-0.023286
-0.0232895
-0.0233583
-0.02346
-0.0234677
-0.0235368
-0.023698
-0.0237928
-0.0238643
-0.0239641
-0.0240341
-0.0241049
-0.024219
-0.0243093
-0.0243588
-0.0244435
-0.0245559
-0.0246526
-0.0247436
-0.0248134
-0.0248828
-0.0249871
-0.0250654
-0.0251201
-0.0252154
-0.0253055
-0.0253647
-0.0254383
-0.0255141
-0.0255764
-0.0256488
-0.0257164
-0.0257744
-0.0258465
-0.0259156
-0.0259695
-0.0260303
-0.0261033
-0.0261664
-0.0262243
-0.0262896
-0.0263565
-0.0264202
-0.0264839
-0.0265497
-0.0266168
-0.0266823
-0.0267508
-0.0268186
-0.0268887
-0.026958
-0.027029
-0.0270986
-0.0271704
-0.0272385
-0.0273079
-0.027372
-0.0274321
-0.0274883
-0.0275419
-0.027615
-0.029814
-0.0263307
-0.0216619
-0.0173092
-0.01404
-0.0121
-0.0114587
-0.0118486
-0.0129186
-0.014317
-0.0157592
-0.0170489
-0.0180209
-0.0186388
-0.0189486
-0.0191161
-0.0192289
-0.0193273
-0.0194501
-0.01961
-0.0199039
-0.0202802
-0.0207046
-0.0210936
-0.0214045
-0.0217008
-0.021939
-0.0222046
-0.022447
-0.0226067
-0.0227711
-0.0229188
-0.0230705
-0.0231586
-0.023149
-0.0231661
-0.0231935
-0.0232014
-0.0232535
-0.0232744
-0.0232405
-0.0233241
-0.0234443
-0.0234543
-0.0235158
-0.0236556
-0.0237578
-0.0238588
-0.023968
-0.0240265
-0.0240669
-0.0241876
-0.0243197
-0.0243465
-0.0243997
-0.0245441
-0.0246404
-0.024702
-0.0247941
-0.0248805
-0.0249635
-0.0250426
-0.0251143
-0.0252057
-0.0252882
-0.0253501
-0.0254262
-0.0255022
-0.0255645
-0.0256362
-0.0257042
-0.0257635
-0.0258365
-0.0259071
-0.025963
-0.0260244
-0.0260978
-0.0261619
-0.0262204
-0.0262855
-0.0263524
-0.0264163
-0.0264803
-0.0265463
-0.026614
-0.0266803
-0.0267495
-0.0268177
-0.0268878
-0.0269572
-0.0270282
-0.0270983
-0.0271703
-0.027239
-0.0273087
-0.0273731
-0.0274334
-0.0274898
-0.0275438
-0.0276179
-0.0292989
-0.0259871
-0.0215456
-0.0173827
-0.0142343
-0.0123767
-0.011777
-0.0121817
-0.0132369
-0.0146185
-0.0160441
-0.0172856
-0.0181832
-0.018718
-0.0189923
-0.0191445
-0.0192574
-0.0193588
-0.0194889
-0.0196764
-0.0199697
-0.0203203
-0.0206841
-0.0210285
-0.021325
-0.0216088
-0.0218477
-0.0220969
-0.02233
-0.0224829
-0.0226388
-0.0228137
-0.0229747
-0.0230499
-0.0230692
-0.0231097
-0.0231295
-0.0231699
-0.0232424
-0.0232266
-0.0231908
-0.0233031
-0.0234299
-0.0234465
-0.0235011
-0.023613
-0.0237216
-0.0238536
-0.0239713
-0.0240166
-0.0240281
-0.0241491
-0.0243216
-0.0243374
-0.0243525
-0.0245165
-0.0246245
-0.0246676
-0.0247795
-0.0248845
-0.0249467
-0.0250195
-0.0251028
-0.0251902
-0.0252686
-0.0253359
-0.0254127
-0.0254862
-0.025549
-0.0256222
-0.0256925
-0.0257544
-0.0258287
-0.0259003
-0.025957
-0.0260181
-0.0260913
-0.0261559
-0.0262148
-0.0262797
-0.0263471
-0.0264119
-0.026477
-0.0265438
-0.0266123
-0.0266789
-0.0267479
-0.0268159
-0.026886
-0.0269559
-0.0270274
-0.0270982
-0.0271705
-0.0272396
-0.0273094
-0.0273742
-0.0274347
-0.0274912
-0.0275456
-0.0276206
-0.0284096
-0.0254154
-0.0213856
-0.0175929
-0.0147026
-0.0129927
-0.0124348
-0.0128065
-0.0137831
-0.0150614
-0.0163759
-0.0174908
-0.0182937
-0.0187763
-0.0190464
-0.0191874
-0.0192763
-0.0193755
-0.0195206
-0.0197469
-0.0200301
-0.0203494
-0.0206779
-0.0209985
-0.0212885
-0.0215292
-0.0217432
-0.0219679
-0.0221925
-0.0223774
-0.022542
-0.0227186
-0.0228791
-0.0229509
-0.0229808
-0.0230224
-0.0230544
-0.0231466
-0.0232244
-0.0231661
-0.023155
-0.0233
-0.0234142
-0.0234338
-0.0234765
-0.0235679
-0.0236996
-0.0238498
-0.0239531
-0.0239915
-0.0239995
-0.0241124
-0.0242978
-0.0243177
-0.0243144
-0.0244917
-0.024622
-0.0246531
-0.0247623
-0.0248768
-0.0249274
-0.0249945
-0.0250858
-0.0251705
-0.0252461
-0.0253194
-0.025397
-0.0254689
-0.0255354
-0.0256125
-0.0256843
-0.0257464
-0.0258201
-0.0258916
-0.0259486
-0.0260093
-0.0260826
-0.0261486
-0.0262088
-0.0262744
-0.0263429
-0.026409
-0.0264748
-0.0265415
-0.0266095
-0.0266759
-0.0267451
-0.0268139
-0.0268848
-0.0269554
-0.027027
-0.0270981
-0.0271704
-0.02724
-0.0273102
-0.0273752
-0.027436
-0.0274927
-0.0275474
-0.0276232
-0.0271785
-0.0246283
-0.0211673
-0.0178948
-0.0153949
-0.0139152
-0.0134389
-0.0137674
-0.0146153
-0.0156929
-0.0167706
-0.0176632
-0.0183213
-0.0187516
-0.0190218
-0.0191763
-0.0192848
-0.0194322
-0.0196222
-0.0198526
-0.0200702
-0.0203236
-0.0206364
-0.0209772
-0.0212989
-0.0215179
-0.0216939
-0.0218615
-0.0220382
-0.0222426
-0.0224317
-0.022619
-0.0227853
-0.0228793
-0.0229205
-0.0229283
-0.022964
-0.0231057
-0.0231877
-0.0231187
-0.0231483
-0.0232942
-0.0233691
-0.0234059
-0.0234534
-0.0235278
-0.023687
-0.0238483
-0.0239173
-0.0239374
-0.0239622
-0.0240856
-0.0242716
-0.024308
-0.0243053
-0.0244717
-0.024614
-0.0246423
-0.0247299
-0.0248465
-0.0249078
-0.0249755
-0.0250658
-0.0251459
-0.0252209
-0.0253044
-0.0253881
-0.0254575
-0.0255232
-0.0256021
-0.025674
-0.0257346
-0.0258074
-0.0258797
-0.0259382
-0.0259999
-0.0260746
-0.0261429
-0.0262047
-0.0262705
-0.0263392
-0.0264054
-0.0264706
-0.0265369
-0.0266054
-0.0266731
-0.0267434
-0.0268129
-0.0268837
-0.0269544
-0.0270261
-0.0270976
-0.0271704
-0.0272405
-0.027311
-0.0273763
-0.0274373
-0.0274942
-0.0275491
-0.0276256
-0.0257579
-0.0236742
-0.0208174
-0.0181106
-0.0160735
-0.0149123
-0.0146034
-0.0149449
-0.0156691
-0.0165081
-0.0172789
-0.0178826
-0.0183221
-0.0186361
-0.0188689
-0.019067
-0.0192861
-0.0195675
-0.0198526
-0.020068
-0.0201864
-0.0203281
-0.0205742
-0.0208978
-0.0212297
-0.0214662
-0.0216509
-0.0218016
-0.0219524
-0.0221566
-0.0223411
-0.0225011
-0.0226515
-0.0227886
-0.0228791
-0.0228726
-0.0228924
-0.0230247
-0.0230933
-0.023074
-0.0231678
-0.023285
-0.0233139
-0.023376
-0.0234356
-0.0234919
-0.0236623
-0.0238346
-0.0238816
-0.0238735
-0.0239172
-0.0240796
-0.0242682
-0.0243114
-0.0243048
-0.0244264
-0.0245693
-0.0246309
-0.024704
-0.0248078
-0.0248889
-0.0249615
-0.0250434
-0.0251241
-0.0252037
-0.0252927
-0.02538
-0.0254457
-0.0255064
-0.0255852
-0.0256593
-0.0257201
-0.025793
-0.0258684
-0.0259306
-0.0259934
-0.0260685
-0.0261378
-0.0261998
-0.0262647
-0.0263327
-0.0263992
-0.0264655
-0.0265335
-0.0266034
-0.0266718
-0.0267417
-0.0268108
-0.0268817
-0.026953
-0.0270253
-0.0270974
-0.0271706
-0.027241
-0.0273118
-0.0273774
-0.0274386
-0.0274956
-0.0275508
-0.0276278
-0.0243391
-0.0226334
-0.0202913
-0.0180952
-0.016513
-0.0157124
-0.0156338
-0.0160568
-0.0167155
-0.0173797
-0.0179085
-0.0182664
-0.0184829
-0.0186297
-0.0187712
-0.0189811
-0.0193016
-0.0196997
-0.0200655
-0.0202808
-0.020357
-0.0204201
-0.0205632
-0.0207968
-0.0210694
-0.0213223
-0.0215538
-0.0217569
-0.0219564
-0.0221653
-0.0223015
-0.0223619
-0.0224535
-0.022644
-0.0228205
-0.0228512
-0.0228502
-0.0229232
-0.0229861
-0.0230534
-0.0231851
-0.0232616
-0.0232848
-0.0233495
-0.0233873
-0.0234536
-0.0236368
-0.0237991
-0.023844
-0.023833
-0.0238958
-0.024085
-0.0242502
-0.0242856
-0.0242928
-0.024376
-0.024514
-0.0246287
-0.0246936
-0.0247618
-0.0248624
-0.024955
-0.0250278
-0.0251066
-0.0251888
-0.0252741
-0.0253627
-0.0254311
-0.0254868
-0.025563
-0.025643
-0.0257094
-0.0257837
-0.0258609
-0.0259247
-0.0259862
-0.0260597
-0.0261293
-0.0261916
-0.0262565
-0.0263259
-0.0263951
-0.0264633
-0.0265315
-0.0266005
-0.0266683
-0.0267383
-0.0268084
-0.0268802
-0.0269522
-0.0270248
-0.027097
-0.0271706
-0.0272413
-0.0273126
-0.0273784
-0.0274398
-0.027497
-0.0275524
-0.0276299
-0.023265
-0.0218249
-0.0198541
-0.0180406
-0.0167974
-0.0162549
-0.0163231
-0.0167867
-0.0174034
-0.0179892
-0.0184305
-0.018704
-0.0188305
-0.0188803
-0.0189391
-0.0190975
-0.0193948
-0.0197667
-0.0201143
-0.0203427
-0.020473
-0.0205576
-0.0206467
-0.0207946
-0.0209829
-0.0212049
-0.0214285
-0.0216569
-0.0219175
-0.022142
-0.0222514
-0.022246
-0.0222888
-0.0225043
-0.0227439
-0.0228445
-0.022841
-0.0228393
-0.0228998
-0.0230295
-0.0231486
-0.0232134
-0.0232992
-0.023337
-0.023293
-0.0233935
-0.0236281
-0.0237689
-0.0237966
-0.0238012
-0.0238973
-0.0240911
-0.024205
-0.024226
-0.0242728
-0.0243548
-0.0244807
-0.0246159
-0.0246688
-0.0247134
-0.0248431
-0.0249609
-0.0250144
-0.0250805
-0.025168
-0.025249
-0.0253354
-0.0254128
-0.0254714
-0.0255452
-0.025631
-0.0257041
-0.0257768
-0.0258503
-0.0259133
-0.0259744
-0.0260479
-0.0261196
-0.0261846
-0.0262517
-0.0263227
-0.0263923
-0.0264591
-0.0265261
-0.0265954
-0.0266648
-0.0267363
-0.0268071
-0.0268789
-0.0269509
-0.0270238
-0.0270965
-0.0271706
-0.0272417
-0.0273134
-0.0273794
-0.027441
-0.0274984
-0.0275539
-0.0276318
-0.0230221
-0.0217437
-0.0199517
-0.018297
-0.0171487
-0.0166092
-0.0165969
-0.0169431
-0.0174598
-0.0180035
-0.0184743
-0.0188347
-0.0190751
-0.0192281
-0.0193516
-0.0195059
-0.019718
-0.0199474
-0.020167
-0.0203521
-0.0205111
-0.020625
-0.0207096
-0.0208361
-0.0209911
-0.0211719
-0.0213527
-0.0215723
-0.0218544
-0.022075
-0.0221791
-0.0221791
-0.0222085
-0.0223858
-0.0226174
-0.022794
-0.0228461
-0.0228053
-0.0228261
-0.0229406
-0.0230445
-0.0231674
-0.0233361
-0.023328
-0.0232021
-0.0233264
-0.0236126
-0.0237627
-0.0237746
-0.0237654
-0.0238709
-0.0240716
-0.0241745
-0.0241872
-0.0242302
-0.0243151
-0.0244577
-0.0246033
-0.0246468
-0.0246864
-0.0248306
-0.0249536
-0.0249887
-0.025046
-0.0251418
-0.0252219
-0.0253066
-0.0253996
-0.0254693
-0.0255363
-0.0256163
-0.0256911
-0.0257625
-0.0258338
-0.0258988
-0.0259631
-0.0260391
-0.0261143
-0.0261816
-0.0262478
-0.0263164
-0.0263848
-0.0264524
-0.0265216
-0.0265928
-0.026663
-0.0267341
-0.0268046
-0.0268767
-0.0269493
-0.0270229
-0.0270961
-0.0271707
-0.0272421
-0.0273141
-0.0273804
-0.0274421
-0.0274996
-0.0275553
-0.0276336
-0.0237631
-0.022552
-0.0207199
-0.0189544
-0.0176265
-0.0168448
-0.0165703
-0.01669
-0.0170619
-0.0175601
-0.018089
-0.0186017
-0.0190651
-0.0194659
-0.0197933
-0.0200378
-0.0202018
-0.0202911
-0.0203563
-0.0204292
-0.0205156
-0.0205986
-0.0206944
-0.0208432
-0.0210164
-0.0212043
-0.0214031
-0.021639
-0.0218827
-0.022029
-0.0220874
-0.0220957
-0.0221247
-0.0222502
-0.0224576
-0.0226868
-0.0228058
-0.022787
-0.0227854
-0.0228611
-0.0229522
-0.0231086
-0.0232997
-0.0232935
-0.0231991
-0.0233238
-0.023565
-0.0237185
-0.023762
-0.023752
-0.0238231
-0.0239936
-0.0241352
-0.0241895
-0.0241891
-0.0242528
-0.0244509
-0.024619
-0.024633
-0.0246551
-0.0247981
-0.0249183
-0.0249511
-0.0250147
-0.0251252
-0.0252109
-0.0252906
-0.0253878
-0.0254642
-0.0255226
-0.0255912
-0.0256674
-0.0257462
-0.0258222
-0.0258902
-0.0259564
-0.0260333
-0.0261084
-0.0261736
-0.0262373
-0.0263067
-0.026379
-0.0264498
-0.0265195
-0.0265898
-0.0266593
-0.0267307
-0.0268021
-0.026875
-0.0269481
-0.0270221
-0.0270956
-0.0271705
-0.0272423
-0.0273147
-0.0273813
-0.0274432
-0.0275008
-0.0275567
-0.0276352
-0.0249667
-0.0238831
-0.0219856
-0.0200271
-0.018418
-0.0173195
-0.0167531
-0.0166492
-0.0168846
-0.0173309
-0.017887
-0.0184879
-0.0190753
-0.0195976
-0.0200072
-0.020276
-0.0204172
-0.0204787
-0.0205219
-0.0205677
-0.0206055
-0.0206452
-0.0207196
-0.0208482
-0.0210331
-0.021269
-0.0215192
-0.0217322
-0.0218519
-0.0218981
-0.0219535
-0.0220249
-0.0220955
-0.0221959
-0.0223792
-0.0225988
-0.0227088
-0.0227046
-0.0227282
-0.0228362
-0.0229561
-0.0230722
-0.023185
-0.0232159
-0.023237
-0.0233436
-0.023472
-0.0236134
-0.0237375
-0.0237812
-0.0238009
-0.0238726
-0.0240401
-0.0242126
-0.0242317
-0.0242383
-0.0244197
-0.0245912
-0.0245927
-0.0246068
-0.024755
-0.0248876
-0.0249317
-0.0250019
-0.0251192
-0.0252045
-0.0252712
-0.0253606
-0.0254419
-0.0255029
-0.0255694
-0.0256495
-0.025737
-0.0258183
-0.0258855
-0.0259474
-0.0260205
-0.0260948
-0.0261624
-0.0262299
-0.0263028
-0.0263762
-0.0264456
-0.0265138
-0.0265843
-0.0266554
-0.0267282
-0.0268002
-0.0268734
-0.0269467
-0.0270211
-0.027095
-0.0271704
-0.0272426
-0.0273152
-0.0273821
-0.0274442
-0.0275019
-0.0275579
-0.0276367
-0.0256697
-0.025155
-0.0236276
-0.0218047
-0.0201107
-0.0187814
-0.0179223
-0.0175317
-0.0175336
-0.0178196
-0.0182861
-0.0188254
-0.0193405
-0.0197563
-0.0200465
-0.0202325
-0.0203589
-0.0204793
-0.0206051
-0.0207063
-0.0207355
-0.020706
-0.0206865
-0.0207501
-0.0209615
-0.0212826
-0.0215865
-0.0217451
-0.0217506
-0.0217495
-0.0218338
-0.0219772
-0.0221201
-0.0222435
-0.0223953
-0.022543
-0.0226032
-0.02262
-0.0226833
-0.022813
-0.0229542
-0.0230294
-0.0230646
-0.0231442
-0.0232541
-0.0233186
-0.0233781
-0.0235315
-0.0237131
-0.0237978
-0.0237789
-0.0237778
-0.0239645
-0.0242376
-0.0242928
-0.0242124
-0.0243124
-0.0245194
-0.0245838
-0.0245855
-0.0247111
-0.0248731
-0.0249404
-0.0249922
-0.0250913
-0.0251773
-0.0252432
-0.0253283
-0.0254154
-0.0254901
-0.0255643
-0.0256419
-0.025726
-0.025808
-0.0258739
-0.0259308
-0.026004
-0.0260862
-0.0261606
-0.0262279
-0.026297
-0.0263683
-0.0264383
-0.0265086
-0.0265808
-0.0266527
-0.0267255
-0.0267974
-0.026871
-0.0269449
-0.0270199
-0.0270943
-0.0271702
-0.0272428
-0.0273157
-0.0273829
-0.0274451
-0.0275029
-0.027559
-0.027638
-0.0247206
-0.025453
-0.0251253
-0.0241598
-0.0228901
-0.0215977
-0.0204861
-0.0196744
-0.0192076
-0.0190679
-0.0191947
-0.0194735
-0.0197954
-0.0200773
-0.0202981
-0.0204674
-0.0205928
-0.0206887
-0.0207348
-0.0207216
-0.0206393
-0.020542
-0.0205227
-0.0206472
-0.0209386
-0.0212905
-0.0215734
-0.0217063
-0.0217281
-0.0217514
-0.0217935
-0.0218692
-0.0219961
-0.0221608
-0.0223387
-0.0224721
-0.0225501
-0.0226314
-0.0227187
-0.0227601
-0.0228032
-0.022878
-0.0229893
-0.0231974
-0.0233486
-0.0233076
-0.0232919
-0.0234445
-0.0236474
-0.023767
-0.0237684
-0.0237826
-0.0239512
-0.0241767
-0.0242463
-0.0241781
-0.0242289
-0.0244619
-0.0246148
-0.0246035
-0.024661
-0.0248302
-0.0249339
-0.0249778
-0.025056
-0.0251398
-0.0252123
-0.025307
-0.0254052
-0.0254871
-0.0255604
-0.0256275
-0.0257007
-0.0257844
-0.02586
-0.0259228
-0.0259983
-0.0260825
-0.0261555
-0.0262184
-0.0262864
-0.0263615
-0.0264351
-0.0265061
-0.0265775
-0.026649
-0.0267222
-0.0267948
-0.026869
-0.0269434
-0.0270187
-0.0270935
-0.0271697
-0.0272427
-0.027316
-0.0273834
-0.0274458
-0.0275037
-0.02756
-0.0276392
-0.0210874
-0.0233427
-0.0249414
-0.0257026
-0.0256694
-0.0250398
-0.0240615
-0.0229715
-0.0219608
-0.0211554
-0.0206163
-0.0203395
-0.020298
-0.0204371
-0.0206902
-0.0209632
-0.021154
-0.0211975
-0.0210709
-0.0208408
-0.0206178
-0.0205281
-0.0206284
-0.0208731
-0.0211566
-0.0213556
-0.0214515
-0.0214976
-0.0215688
-0.0216694
-0.0217498
-0.0218322
-0.0219184
-0.0220243
-0.0221546
-0.0222929
-0.0224691
-0.0226317
-0.0226936
-0.0226604
-0.0226703
-0.0228044
-0.0230157
-0.0232619
-0.0233469
-0.0232238
-0.0232074
-0.0233863
-0.0236061
-0.0237455
-0.0237581
-0.0237992
-0.0239481
-0.0240863
-0.024165
-0.0241821
-0.0242212
-0.0244093
-0.0245974
-0.0246186
-0.0246438
-0.0247834
-0.0248921
-0.0249418
-0.0250241
-0.0251221
-0.0252057
-0.0253014
-0.0253938
-0.0254676
-0.0255385
-0.0256054
-0.0256762
-0.0257672
-0.0258587
-0.0259247
-0.0259885
-0.0260654
-0.0261418
-0.0262106
-0.0262815
-0.0263575
-0.0264307
-0.0265009
-0.0265726
-0.0266453
-0.0267196
-0.0267928
-0.0268673
-0.026942
-0.0270177
-0.0270929
-0.0271694
-0.0272428
-0.0273163
-0.0273839
-0.0274464
-0.0275044
-0.0275607
-0.02764
-0.0154666
-0.018854
-0.0224233
-0.025269
-0.027047
-0.0277126
-0.0274273
-0.0264621
-0.025113
-0.0236548
-0.0223214
-0.0213123
-0.0207547
-0.0206599
-0.0209096
-0.0212961
-0.0216137
-0.0217174
-0.0215865
-0.0213269
-0.0210964
-0.021008
-0.0210613
-0.0211928
-0.0213147
-0.0213674
-0.0213691
-0.0213609
-0.0213847
-0.0214676
-0.0216326
-0.0218625
-0.0220408
-0.022092
-0.0220649
-0.0221036
-0.0222971
-0.0225103
-0.0226033
-0.0226187
-0.0226638
-0.0227761
-0.0229425
-0.0231236
-0.0231877
-0.0231501
-0.0232039
-0.0233697
-0.0235777
-0.0237249
-0.0237277
-0.0237587
-0.0239001
-0.0240178
-0.0241096
-0.0241874
-0.0242486
-0.0243925
-0.0245554
-0.0245943
-0.0246176
-0.0247428
-0.0248628
-0.0249198
-0.0250031
-0.0251235
-0.0252167
-0.0252859
-0.0253554
-0.0254314
-0.0255178
-0.0256008
-0.0256757
-0.0257608
-0.0258489
-0.0259121
-0.0259713
-0.0260509
-0.0261367
-0.026209
-0.0262761
-0.026349
-0.0264232
-0.0264955
-0.0265684
-0.0266415
-0.0267162
-0.0267897
-0.0268647
-0.0269399
-0.0270162
-0.027092
-0.0271689
-0.0272427
-0.0273165
-0.0273843
-0.0274471
-0.0275052
-0.0275616
-0.027641
-0.0119913
-0.0155433
-0.0198955
-0.0237656
-0.0265837
-0.0281295
-0.0284587
-0.0278133
-0.0265223
-0.0249337
-0.0233788
-0.0221459
-0.0214
-0.0211507
-0.021251
-0.0214926
-0.0216912
-0.0217397
-0.0216546
-0.0215143
-0.0214113
-0.0213646
-0.0213496
-0.0213494
-0.0213502
-0.0213821
-0.0214395
-0.0214967
-0.0215332
-0.0215689
-0.021678
-0.0218425
-0.0219955
-0.0220881
-0.0221137
-0.0221502
-0.0222474
-0.0223755
-0.0225008
-0.0226061
-0.0226649
-0.0227085
-0.0228141
-0.0229523
-0.0230696
-0.0231848
-0.0232858
-0.0233598
-0.0234546
-0.0235815
-0.0236929
-0.0237601
-0.023798
-0.0238921
-0.0240842
-0.0242366
-0.0242725
-0.0243422
-0.0244893
-0.0245523
-0.0245471
-0.0246712
-0.0248863
-0.0249831
-0.0249904
-0.0250648
-0.0251823
-0.0252642
-0.0253308
-0.0254184
-0.0255192
-0.0256068
-0.0256718
-0.0257382
-0.0258236
-0.0259031
-0.0259724
-0.0260486
-0.0261304
-0.0262022
-0.0262691
-0.0263428
-0.0264192
-0.0264926
-0.026565
-0.0266378
-0.0267128
-0.0267869
-0.0268623
-0.0269379
-0.0270145
-0.0270905
-0.0271678
-0.0272418
-0.0273159
-0.027384
-0.0274471
-0.0275054
-0.027562
-0.0276418
-0.0148755
-0.016934
-0.0197625
-0.0223809
-0.0243364
-0.0254642
-0.0258006
-0.0255195
-0.0248577
-0.0240428
-0.0232545
-0.0225944
-0.0220745
-0.0216618
-0.0213162
-0.0210506
-0.0209022
-0.0209045
-0.0210495
-0.0212516
-0.0214094
-0.0214467
-0.0213913
-0.0213246
-0.0213059
-0.021351
-0.0214049
-0.0214612
-0.021554
-0.0217067
-0.0218713
-0.0219478
-0.0219458
-0.0219279
-0.0219852
-0.0221325
-0.0222543
-0.0223371
-0.022448
-0.0225925
-0.0227093
-0.0227932
-0.0228706
-0.0228974
-0.0229778
-0.0231679
-0.0232883
-0.0233288
-0.023388
-0.0234955
-0.0236602
-0.0237556
-0.0237579
-0.0238705
-0.0241103
-0.0242474
-0.0241869
-0.0241717
-0.0244119
-0.0246359
-0.0245875
-0.0245776
-0.0248241
-0.0250058
-0.0249775
-0.0249971
-0.0251355
-0.0252496
-0.0253277
-0.0254224
-0.0255127
-0.0255801
-0.0256424
-0.0257195
-0.0258162
-0.0259046
-0.0259718
-0.0260374
-0.0261165
-0.0261955
-0.0262671
-0.0263398
-0.0264151
-0.026489
-0.0265621
-0.0266353
-0.0267108
-0.0267853
-0.026861
-0.0269368
-0.0270136
-0.0270899
-0.0271673
-0.0272415
-0.0273157
-0.0273839
-0.0274471
-0.0275056
-0.0275622
-0.0276417
-0.0234655
-0.0222622
-0.0214667
-0.021043
-0.0209024
-0.0209594
-0.0211374
-0.021375
-0.0216262
-0.0218416
-0.0219524
-0.0218709
-0.021553
-0.0210409
-0.0204759
-0.0200429
-0.0198833
-0.0200507
-0.0204476
-0.0208979
-0.021229
-0.0213549
-0.021305
-0.0211448
-0.0209955
-0.0209453
-0.02103
-0.0212461
-0.0214798
-0.0216345
-0.0216728
-0.0216574
-0.0217135
-0.0218594
-0.022058
-0.0222014
-0.022243
-0.0222804
-0.0223449
-0.0224754
-0.0226811
-0.022837
-0.0228779
-0.022876
-0.0229661
-0.0231185
-0.023219
-0.0233107
-0.0233912
-0.0234883
-0.0236702
-0.0237758
-0.0237873
-0.0238985
-0.0240598
-0.0241412
-0.0241475
-0.0241941
-0.0244168
-0.0246378
-0.0246178
-0.0245909
-0.0247732
-0.0249224
-0.0249297
-0.0250081
-0.0251679
-0.025256
-0.0253021
-0.0253887
-0.0254826
-0.0255591
-0.0256399
-0.0257244
-0.0258075
-0.0258863
-0.0259584
-0.0260288
-0.0261086
-0.0261897
-0.0262625
-0.0263337
-0.0264085
-0.0264842
-0.0265586
-0.026632
-0.0267077
-0.0267827
-0.0268589
-0.026935
-0.0270122
-0.0270888
-0.0271666
-0.027241
-0.0273155
-0.0273838
-0.0274471
-0.0275057
-0.0275628
-0.0276433
-0.0307615
-0.0267692
-0.0226025
-0.019409
-0.0175568
-0.0169608
-0.0172762
-0.01809
-0.0190362
-0.0198349
-0.0203156
-0.0204487
-0.0203269
-0.0200982
-0.0198835
-0.0197373
-0.0196691
-0.0196608
-0.0197137
-0.0198617
-0.0201211
-0.0204631
-0.020771
-0.0209472
-0.0209782
-0.0209164
-0.0208889
-0.0209338
-0.021032
-0.0211595
-0.0212802
-0.0214669
-0.0217101
-0.0219062
-0.0219996
-0.0219643
-0.0219782
-0.0221664
-0.0223759
-0.0225241
-0.0225762
-0.0224993
-0.0224974
-0.0227717
-0.0231361
-0.0232573
-0.0231775
-0.0231655
-0.0232753
-0.0234635
-0.0236442
-0.0236934
-0.0237382
-0.0239041
-0.0240162
-0.0240218
-0.024113
-0.0243494
-0.0245346
-0.0244828
-0.0243968
-0.0246011
-0.0249024
-0.0249344
-0.0248635
-0.0249947
-0.0251902
-0.0252449
-0.0252632
-0.0253672
-0.0254893
-0.0255695
-0.0256383
-0.0257128
-0.0257915
-0.0258745
-0.0259566
-0.0260292
-0.026103
-0.0261815
-0.0262568
-0.0263294
-0.0264039
-0.0264798
-0.0265547
-0.0266282
-0.0267041
-0.0267794
-0.026856
-0.0269323
-0.0270098
-0.0270866
-0.0271646
-0.0272393
-0.027314
-0.0273825
-0.0274459
-0.0275047
-0.0275621
-0.0276434
-0.0336771
-0.0276169
-0.0220484
-0.017924
-0.015535
-0.01479
-0.0152935
-0.0165285
-0.017997
-0.0192985
-0.0201842
-0.0205671
-0.0205092
-0.0201569
-0.0196953
-0.019311
-0.019123
-0.0191517
-0.0193238
-0.0195265
-0.0196848
-0.0198035
-0.0199739
-0.0202962
-0.0207256
-0.0210872
-0.0211938
-0.0210128
-0.0207882
-0.0208079
-0.0211866
-0.021717
-0.0219644
-0.0218094
-0.0214993
-0.0214153
-0.0217752
-0.0222565
-0.0225352
-0.0225913
-0.022382
-0.0222084
-0.0225154
-0.0230216
-0.0231643
-0.0230218
-0.0229887
-0.0230843
-0.02322
-0.0234724
-0.0236793
-0.0236713
-0.0236885
-0.0238418
-0.0239162
-0.0239279
-0.0241177
-0.0244785
-0.0246344
-0.0243683
-0.0241624
-0.0245093
-0.0249975
-0.025051
-0.0248951
-0.024944
-0.0250991
-0.0251819
-0.0252747
-0.0254205
-0.0255169
-0.0255499
-0.0256048
-0.0256999
-0.0257986
-0.0258826
-0.0259575
-0.0260259
-0.0260992
-0.0261792
-0.0262566
-0.0263297
-0.0264031
-0.0264785
-0.0265537
-0.0266273
-0.0267031
-0.0267784
-0.0268549
-0.0269313
-0.0270086
-0.0270856
-0.0271636
-0.0272383
-0.0273129
-0.0273815
-0.0274449
-0.0275037
-0.027561
-0.0276419
)
;

boundaryField
{
    zeroGradientPlanes
    {
        type            zeroGradient;
    }
    inlet
    {
        type            zeroGradient;
    }
    plate
    {
        type            zeroGradient;
    }
    frontAndBack
    {
        type            empty;
    }
}


// ************************************************************************* //
