/*--------------------------------*- C++ -*----------------------------------*\
  =========                 |
  \\      /  F ield         | OpenFOAM: The Open Source CFD Toolbox
   \\    /   O peration     | Website:  https://openfoam.org
    \\  /    A nd           | Version:  6
     \\/     M anipulation  |
\*---------------------------------------------------------------------------*/
FoamFile
{
    version     2.0;
    format      ascii;
    class       volScalarField;
    location    "0.1";
    object      p;
}
// * * * * * * * * * * * * * * * * * * * * * * * * * * * * * * * * * * * * * //

dimensions      [0 2 -2 0 0 0 0];

internalField   nonuniform List<scalar> 
4800
(
2.32911e-11
0.000585873
0.000755123
0.000115448
0.000662851
0.000688519
0.000405934
0.000812271
0.000992432
0.000845021
0.00109743
0.0014547
0.0014413
0.00153838
0.00197632
0.00240346
0.00258669
0.0028206
0.00323567
0.00370869
8.63844e-06
0.000579959
0.00075113
0.000124018
0.000659672
0.000682871
0.000408719
0.000818268
0.000991172
0.000840897
0.00109206
0.00145948
0.00144298
0.00154373
0.00197753
0.00239851
0.00258903
0.00281033
0.00324155
0.00370668
1.57456e-05
0.000571155
0.0007513
0.000128272
0.000658409
0.000682597
0.000410231
0.000819235
0.000989551
0.000841738
0.00108537
0.00147064
0.00143893
0.00154118
0.00198269
0.00240051
0.00258306
0.00279296
0.00327689
0.00369662
2.3775e-05
0.000564023
0.000746041
0.000136263
0.000660112
0.000678376
0.000410689
0.000822528
0.000991899
0.000840002
0.00107408
0.00148117
0.00143848
0.00153638
0.00199346
0.00240507
0.0025642
0.00277957
0.00329611
0.00363791
3.36158e-05
0.0005537
0.000742393
0.000146581
0.00065418
0.000681972
0.000409881
0.000825367
0.00099004
0.000837497
0.00107037
0.00148531
0.00144579
0.00152637
0.00199041
0.00241018
0.00256341
0.00275299
0.0032462
0.00357622
4.35095e-05
0.000543219
0.000739567
0.000152985
0.000653317
0.00068663
0.000399131
0.000837122
0.000984009
0.000839236
0.00106825
0.00147092
0.00146635
0.00151801
0.00197174
0.00242501
0.00257132
0.00268687
0.00314576
0.00352112
5.46096e-05
0.000532079
0.000734194
0.000163903
0.000650495
0.000684029
0.000398822
0.000849189
0.000966248
0.000847173
0.00106511
0.00145096
0.00149968
0.00150862
0.0019336
0.00242949
0.00257321
0.00261268
0.00301969
0.00340562
6.67119e-05
0.000519169
0.000729788
0.000176098
0.000639651
0.000692504
0.000398264
0.000842912
0.000964235
0.000857092
0.00105465
0.00143502
0.00152076
0.00149662
0.0018977
0.00242312
0.00256514
0.00253088
0.00284713
0.00321171
7.9608e-05
0.000505665
0.000724831
0.000187432
0.00063007
0.000704816
0.000382869
0.000846366
0.000980675
0.000832047
0.00105054
0.00143907
0.00151251
0.00149489
0.00188437
0.00237973
0.00250476
0.00243281
0.00267179
0.00301209
9.35825e-05
0.000491292
0.000718152
0.000201929
0.000618103
0.000712232
0.000374286
0.000856913
0.00097818
0.000795452
0.00108377
0.00144016
0.00146098
0.0015068
0.00188575
0.0022868
0.00240121
0.00236023
0.00253456
0.00279151
0.000108529
0.000475991
0.000710496
0.000218773
0.000600219
0.000723804
0.000373763
0.000845292
0.000978492
0.000789355
0.00110136
0.00140726
0.00141548
0.00153711
0.00187717
0.00216759
0.0022831
0.00228935
0.00238084
0.00253251
0.000124356
0.000460225
0.000701182
0.00023718
0.000579904
0.000738101
0.000370719
0.000821918
0.00100596
0.000779039
0.0010625
0.00140185
0.00142551
0.00152155
0.00181011
0.00206466
0.00217597
0.00217553
0.00220795
0.00233387
0.000140998
0.000444219
0.000689575
0.000258106
0.000557527
0.00074895
0.000372695
0.000797577
0.00103315
0.000751286
0.00101879
0.00144553
0.00142529
0.00141077
0.00172597
0.00204423
0.00209117
0.00199443
0.00202572
0.00221322
0.000158283
0.000428279
0.000675521
0.000281336
0.000532726
0.000756202
0.000385308
0.000762592
0.00104653
0.000744779
0.000985632
0.00145885
0.00138673
0.00130262
0.00168737
0.00204643
0.00196258
0.00175267
0.00184824
0.00215734
0.000175983
0.000412825
0.000658757
0.000306136
0.000507217
0.000758941
0.000405586
0.000717198
0.00105451
0.000765761
0.000929469
0.00141782
0.00138152
0.00126293
0.00161168
0.0019431
0.00181061
0.0015896
0.00174725
0.00212603
0.000193828
0.000398259
0.00063914
0.000331829
0.000482718
0.000754493
0.000432184
0.000670583
0.00105194
0.000794242
0.000859333
0.00136142
0.00141437
0.00122769
0.00144011
0.00178072
0.00176124
0.00157676
0.00164897
0.0019403
0.000211493
0.000384947
0.000616794
0.00035739
0.000460535
0.000741708
0.00046423
0.000627348
0.00102927
0.000825501
0.000805869
0.00129101
0.0014198
0.00117412
0.00126749
0.00165887
0.00177239
0.00155657
0.00143361
0.00160672
0.000228619
0.000373202
0.000592061
0.000381502
0.000441953
0.000720763
0.000498157
0.000590077
0.000987376
0.000857967
0.000772894
0.00119119
0.00138086
0.0011486
0.00116009
0.00153192
0.00169083
0.00144755
0.00122859
0.00136681
0.000244832
0.000363223
0.000565493
0.000402804
0.000427863
0.000692503
0.000529499
0.000561922
0.000931354
0.000880813
0.000752999
0.00107688
0.00131748
0.00114883
0.00107899
0.00134685
0.00152231
0.00135772
0.00116671
0.00124382
0.000259767
0.000355065
0.000537824
0.000420033
0.000418434
0.000658603
0.0005544
0.000543907
0.000865882
0.000884678
0.00074397
0.000970103
0.00123105
0.00113163
0.000999701
0.00115787
0.0013594
0.00130892
0.00113671
0.00108708
0.00027309
0.000348623
0.00050988
0.000432171
0.000413115
0.000621361
0.000569829
0.000534136
0.000796537
0.000867241
0.00074072
0.000877097
0.00111932
0.00108281
0.000937941
0.00101328
0.00120366
0.00120957
0.0010372
0.0009144
0.000284521
0.000343637
0.000482478
0.000438591
0.00041072
0.000583118
0.000573986
0.000529076
0.000728898
0.000829928
0.000733435
0.000797175
0.000995515
0.00101072
0.000888129
0.000895723
0.00102711
0.00105166
0.000922487
0.000811677
0.000293847
0.000339711
0.00045631
0.000439125
0.000409616
0.000545797
0.000566617
0.000524562
0.000666407
0.00077628
0.000714441
0.000729087
0.000873993
0.000918562
0.000826904
0.000786538
0.000854922
0.000894267
0.000826927
0.000736287
0.000300926
0.000336355
0.000431854
0.00043405
0.000408004
0.000510594
0.000548809
0.000516597
0.00060995
0.000711602
0.000680609
0.000668265
0.000760103
0.000809754
0.000747413
0.000688257
0.00071164
0.000747578
0.000709168
0.000619329
0.000305692
0.000333042
0.000409317
0.000423994
0.000404225
0.000477856
0.000522477
0.000502189
0.000558496
0.00064128
0.000631951
0.000608209
0.000654871
0.00069397
0.000654977
0.00059583
0.000585139
0.000595581
0.000562029
0.000484991
0.000308136
0.000329259
0.00038863
0.000409795
0.000396996
0.000447167
0.000489817
0.000479798
0.000509876
0.000569274
0.000570775
0.000544357
0.000557746
0.000579141
0.000552575
0.000497916
0.000463513
0.000449208
0.00041932
0.000363061
0.000308303
0.000324555
0.000369486
0.000392343
0.000385553
0.000417612
0.000452837
0.000449282
0.000461671
0.000497802
0.000500787
0.000474842
0.000466074
0.00046803
0.000443497
0.000393594
0.000348551
0.000318835
0.000286723
0.000237154
0.000306269
0.000318579
0.000351421
0.000372451
0.000369666
0.000388107
0.000413076
0.000411552
0.000411981
0.000427674
0.000425709
0.000399704
0.00037687
0.000361621
0.000333363
0.000286925
0.00023811
0.000197012
0.00015652
0.000106667
0.000302141
0.000311097
0.000333916
0.00035078
0.00034957
0.000357705
0.000371548
0.000368113
0.000359815
0.000358826
0.000348475
0.000320406
0.000288613
0.000260142
0.000225698
0.000179642
0.000128663
8.01625e-05
3.33919e-05
-1.63106e-05
0.000296054
0.000302007
0.000316493
0.000327829
0.000325834
0.00032581
0.000328875
0.000320656
0.000305103
0.000290956
0.000271148
0.000239104
0.000201056
0.000162981
0.000121858
7.39122e-05
2.15879e-05
-3.04146e-05
-8.08642e-05
-0.000131791
0.000288184
0.000291337
0.000298803
0.000303977
0.000299242
0.000292274
0.000285493
0.000270809
0.000248511
0.000223991
0.000195107
0.000157907
0.000114797
6.98312e-05
2.28973e-05
-2.77383e-05
-8.1283e-05
-0.000135211
-0.000188161
-0.000240556
0.000278766
0.000279251
0.000280685
0.000279567
0.000270694
0.000257399
0.000241869
0.000220056
0.000191193
0.000158292
0.000121365
7.86306e-05
3.10192e-05
-1.89725e-05
-7.04548e-05
-0.000123831
-0.000178765
-0.000233936
-0.000288221
-0.00034133
0.000268123
0.000266058
0.000262214
0.000254993
0.000241163
0.000221878
0.000198659
0.000169788
0.000134584
9.46975e-05
5.09087e-05
2.84891e-06
-4.8892e-05
-0.000102751
-0.000157671
-0.000213376
-0.000269539
-0.000325424
-0.000380267
-0.000433655
0.000256699
0.000252227
0.000243722
0.000230793
0.000211699
0.000186715
0.000156786
0.000121402
8.02971e-05
3.44875e-05
-1.50556e-05
-6.79247e-05
-0.000123459
-0.000180526
-0.00023812
-0.000295666
-0.000352766
-0.000408969
-0.00046383
-0.000517044
0.000245096
0.00023839
0.00022579
0.000207713
0.000183484
0.000153197
0.000117478
7.64042e-05
3.0089e-05
-2.06863e-05
-7.49552e-05
-0.00013196
-0.000190913
-0.000250839
-0.000310782
-0.000370017
-0.000428027
-0.000484431
-0.000538968
-0.000591514
0.000234139
0.000225409
0.000209217
0.000186667
0.000157823
0.00012287
8.23205e-05
3.6538e-05
-1.40955e-05
-6.88518e-05
-0.000126813
-0.000187122
-0.000248954
-0.000311427
-0.000373651
-0.000434816
-0.000494245
-0.000551425
-0.000606041
-0.000658001
0.000224867
0.000214497
0.000195183
0.000168765
0.000136016
9.73183e-05
5.31004e-05
3.79581e-06
-5.00667e-05
-0.000107721
-0.000168267
-0.000230847
-0.000294699
-0.000359091
-0.000423289
-0.000486546
-0.00054812
-0.000607304
-0.00066351
-0.000716362
0.000218229
0.000206986
0.000185383
0.000155781
0.000119771
7.82149e-05
3.15409e-05
-1.99421e-05
-7.57418e-05
-0.000135061
-0.000196963
-0.000260591
-0.000325259
-0.000390416
-0.000455571
-0.000520242
-0.000583891
-0.000645886
-0.000705497
-0.000761968
0.000214621
0.000203367
0.000180834
0.000149462
0.000111316
6.78451e-05
1.97235e-05
-3.28145e-05
-8.93954e-05
-0.000149249
-0.0002114
-0.000274963
-0.000339286
-0.000403925
-0.00046859
-0.000533103
-0.000597352
-0.000661201
-0.000724348
-0.000786202
0.000213633
0.000202731
0.000180197
0.000148567
0.000109962
6.60242e-05
1.75951e-05
-3.50631e-05
-9.1614e-05
-0.000151304
-0.000213133
-0.000276185
-0.000339796
-0.000403539
-0.000467174
-0.000530643
-0.000594088
-0.000657831
-0.000722265
-0.00078761
0.00443327
0.00556537
0.00563691
0.00498724
0.00425611
0.00343221
0.00244086
0.00159575
0.00115558
0.00100038
0.000735812
0.000265995
-5.41267e-05
-0.000272335
-0.000750329
-0.0013355
-0.00186138
-0.00258319
-0.00342976
-0.00409066
-0.00485761
-0.00609725
-0.00724168
-0.00739824
-0.00657593
-0.00554816
-0.00487555
-0.00456481
-0.0044113
-0.00429474
-0.00419316
-0.00410939
-0.00404331
-0.00399583
-0.00396995
-0.00396623
-0.00398128
-0.00400997
-0.0040478
-0.00409165
-0.00413968
-0.00419094
-0.00424507
-0.00430196
-0.00436158
-0.00442391
-0.0044889
-0.0045565
-0.00462662
-0.00469918
-0.00477411
-0.00485135
-0.00493084
-0.00501253
-0.00509637
-0.00518233
-0.0052704
-0.00536053
-0.00545272
-0.00554694
-0.00564319
-0.00574148
-0.00584182
-0.00594419
-0.00604862
-0.0061551
-0.00626366
-0.00637432
-0.0064871
-0.00660203
-0.00671913
-0.00683843
-0.00695997
-0.00708378
-0.00720988
-0.00733832
-0.00746912
-0.00760234
-0.00773799
-0.00787617
-0.00801681
-0.00816015
-0.00830587
-0.00845466
-0.00860546
-0.00876016
-0.00891584
-0.00907703
-0.0092374
-0.00940521
-0.00957099
-0.00974359
-0.00991765
-0.0100902
-0.0102741
-0.0104433
-0.0106229
-0.0107897
-0.0109258
-0.0110489
0.00435715
0.00533431
0.0054139
0.00479697
0.00413502
0.00336337
0.00238616
0.00156336
0.00112821
0.00094589
0.000673059
0.000223322
-8.20133e-05
-0.000302927
-0.000785901
-0.00136355
-0.00188162
-0.00260908
-0.00345455
-0.00408772
-0.00481555
-0.00602894
-0.00716673
-0.00733348
-0.00653276
-0.00552749
-0.0048692
-0.00456359
-0.00441054
-0.00429389
-0.00419289
-0.00410994
-0.00404437
-0.003997
-0.00397094
-0.00396691
-0.00398166
-0.00401013
-0.00404784
-0.00409164
-0.00413965
-0.00419091
-0.00424505
-0.00430195
-0.00436158
-0.00442391
-0.0044889
-0.0045565
-0.00462661
-0.00469918
-0.00477411
-0.00485135
-0.00493084
-0.00501252
-0.00509636
-0.00518233
-0.0052704
-0.00536053
-0.00545271
-0.00554694
-0.00564319
-0.00574148
-0.00584182
-0.00594419
-0.00604862
-0.0061551
-0.00626366
-0.00637432
-0.0064871
-0.00660203
-0.00671913
-0.00683843
-0.00695997
-0.00708378
-0.00720988
-0.00733832
-0.00746912
-0.00760234
-0.00773799
-0.00787617
-0.00801681
-0.00816015
-0.00830587
-0.00845467
-0.00860546
-0.00876016
-0.00891584
-0.00907703
-0.00923739
-0.00940521
-0.00957099
-0.00974359
-0.00991765
-0.0100902
-0.0102741
-0.0104433
-0.0106229
-0.0107897
-0.010926
-0.011049
0.00415471
0.00497139
0.00510707
0.00456299
0.00399745
0.00329439
0.00232773
0.00153305
0.00112059
0.000888747
0.000579596
0.000173032
-0.000100479
-0.000337976
-0.000823474
-0.00139014
-0.00191396
-0.00263795
-0.00345712
-0.00406814
-0.00477282
-0.00593195
-0.00700505
-0.007154
-0.00639621
-0.00545489
-0.00484259
-0.00455696
-0.00440895
-0.00429307
-0.0041926
-0.00411028
-0.00404526
-0.00399831
-0.0039725
-0.00396848
-0.00398304
-0.0040112
-0.00404858
-0.00409211
-0.00413992
-0.00419106
-0.00424512
-0.00430197
-0.00436158
-0.0044239
-0.00448889
-0.00455648
-0.0046266
-0.00469917
-0.0047741
-0.00485134
-0.00493083
-0.00501252
-0.00509636
-0.00518233
-0.00527039
-0.00536053
-0.00545271
-0.00554693
-0.00564319
-0.00574148
-0.00584181
-0.00594419
-0.00604862
-0.0061551
-0.00626366
-0.00637432
-0.0064871
-0.00660203
-0.00671913
-0.00683843
-0.00695997
-0.00708378
-0.00720988
-0.00733832
-0.00746912
-0.00760234
-0.00773799
-0.00787617
-0.00801681
-0.00816015
-0.00830587
-0.00845467
-0.00860546
-0.00876017
-0.00891584
-0.00907703
-0.00923739
-0.00940522
-0.00957099
-0.0097436
-0.00991765
-0.0100902
-0.0102741
-0.0104433
-0.010623
-0.0107898
-0.0109263
-0.0110494
0.00392282
0.0046002
0.00477932
0.00430136
0.00382308
0.00320692
0.00228221
0.00154212
0.00114982
0.000836968
0.000482422
0.000130158
-0.000110379
-0.000359161
-0.000845776
-0.00141544
-0.00193959
-0.00263636
-0.00343327
-0.00404453
-0.00471426
-0.00577354
-0.00675484
-0.00690357
-0.00622844
-0.00538203
-0.00482765
-0.00456113
-0.00441326
-0.00429412
-0.00419242
-0.00411084
-0.00404734
-0.00400175
-0.00397659
-0.00397243
-0.00398626
-0.00401351
-0.00405006
-0.00409295
-0.00414035
-0.00419125
-0.00424519
-0.00430198
-0.00436156
-0.00442387
-0.00448886
-0.00455646
-0.00462658
-0.00469914
-0.00477408
-0.00485132
-0.00493082
-0.0050125
-0.00509635
-0.00518232
-0.00527038
-0.00536052
-0.0054527
-0.00554693
-0.00564318
-0.00574148
-0.00584181
-0.00594419
-0.00604861
-0.0061551
-0.00626366
-0.00637432
-0.0064871
-0.00660203
-0.00671913
-0.00683843
-0.00695997
-0.00708378
-0.00720988
-0.00733831
-0.00746912
-0.00760234
-0.00773799
-0.00787617
-0.00801681
-0.00816015
-0.00830587
-0.00845467
-0.00860546
-0.00876017
-0.00891584
-0.00907703
-0.00923739
-0.00940522
-0.009571
-0.0097436
-0.00991765
-0.0100902
-0.0102741
-0.0104434
-0.0106231
-0.0107898
-0.0109268
-0.0110497
0.0037522
0.00422151
0.00437312
0.00399794
0.00364618
0.00314172
0.00228778
0.00159071
0.00118588
0.000792044
0.000391456
7.96694e-05
-0.000113147
-0.000358014
-0.000863434
-0.00144043
-0.00194286
-0.00261489
-0.00341351
-0.00401627
-0.0046124
-0.0055598
-0.0064832
-0.00667526
-0.0061013
-0.00534274
-0.00483078
-0.00457176
-0.00441862
-0.00429467
-0.00419153
-0.00411055
-0.00404824
-0.00400364
-0.00397895
-0.00397471
-0.00398812
-0.00401483
-0.00405089
-0.00409341
-0.00414057
-0.00419132
-0.00424518
-0.00430194
-0.00436151
-0.00442382
-0.00448881
-0.00455641
-0.00462653
-0.00469911
-0.00477405
-0.00485129
-0.00493079
-0.00501248
-0.00509633
-0.0051823
-0.00527037
-0.00536051
-0.00545269
-0.00554692
-0.00564318
-0.00574147
-0.00584181
-0.00594418
-0.00604861
-0.00615509
-0.00626366
-0.00637431
-0.00648709
-0.00660202
-0.00671913
-0.00683843
-0.00695997
-0.00708377
-0.00720988
-0.00733831
-0.00746912
-0.00760234
-0.00773799
-0.00787617
-0.00801681
-0.00816015
-0.00830587
-0.00845467
-0.00860546
-0.00876017
-0.00891584
-0.00907704
-0.00923739
-0.00940522
-0.009571
-0.00974361
-0.00991766
-0.0100903
-0.0102741
-0.0104435
-0.0106231
-0.0107899
-0.0109272
-0.0110501
0.00359712
0.00381089
0.00392918
0.00373061
0.00352489
0.00309847
0.00229786
0.00163144
0.00122069
0.000765089
0.000309192
2.7638e-05
-0.000114246
-0.000365361
-0.000889244
-0.00145387
-0.00194122
-0.00261303
-0.00340144
-0.00395929
-0.00448166
-0.00536234
-0.0062678
-0.0065018
-0.00599883
-0.00529865
-0.00481499
-0.00456226
-0.00440779
-0.00428324
-0.00418193
-0.00410421
-0.00404539
-0.00400373
-0.00398095
-0.00397751
-0.00399084
-0.00401701
-0.00405239
-0.00409433
-0.00414105
-0.00419153
-0.00424523
-0.00430191
-0.00436144
-0.00442374
-0.00448873
-0.00455634
-0.00462647
-0.00469905
-0.004774
-0.00485125
-0.00493075
-0.00501245
-0.0050963
-0.00518227
-0.00527035
-0.00536049
-0.00545268
-0.0055469
-0.00564316
-0.00574146
-0.0058418
-0.00594418
-0.0060486
-0.00615509
-0.00626365
-0.00637431
-0.00648709
-0.00660202
-0.00671912
-0.00683843
-0.00695997
-0.00708377
-0.00720988
-0.00733831
-0.00746912
-0.00760234
-0.00773799
-0.00787617
-0.00801681
-0.00816015
-0.00830587
-0.00845467
-0.00860546
-0.00876017
-0.00891584
-0.00907704
-0.0092374
-0.00940522
-0.009571
-0.00974362
-0.00991766
-0.0100903
-0.0102741
-0.0104436
-0.0106233
-0.01079
-0.0109277
-0.0110506
0.00340494
0.0034527
0.00355768
0.00349926
0.00340306
0.0030343
0.00229773
0.00168704
0.00126658
0.000734402
0.000231029
-2.76402e-05
-0.000152555
-0.000404524
-0.000906038
-0.00146184
-0.00196828
-0.00262661
-0.00336264
-0.00388095
-0.00437944
-0.00522035
-0.00608329
-0.0063145
-0.00585454
-0.00521016
-0.00476708
-0.00453565
-0.00439144
-0.00427333
-0.00417729
-0.00410372
-0.00404765
-0.00400738
-0.00398488
-0.00398096
-0.00399344
-0.00401873
-0.00405339
-0.00409481
-0.00414122
-0.00419152
-0.00424514
-0.00430178
-0.0043613
-0.00442361
-0.00448862
-0.00455623
-0.00462638
-0.00469897
-0.00477393
-0.00485119
-0.0049307
-0.0050124
-0.00509626
-0.00518224
-0.00527032
-0.00536046
-0.00545266
-0.00554689
-0.00564315
-0.00574145
-0.00584179
-0.00594417
-0.0060486
-0.00615508
-0.00626365
-0.00637431
-0.00648709
-0.00660202
-0.00671912
-0.00683843
-0.00695997
-0.00708377
-0.00720988
-0.00733831
-0.00746912
-0.00760234
-0.00773799
-0.00787617
-0.00801681
-0.00816015
-0.00830587
-0.00845467
-0.00860546
-0.00876017
-0.00891584
-0.00907704
-0.0092374
-0.00940523
-0.009571
-0.00974364
-0.00991767
-0.0100903
-0.0102742
-0.0104437
-0.0106234
-0.0107901
-0.0109282
-0.011051
0.00321113
0.00319457
0.00325466
0.00325608
0.00326514
0.00299161
0.0023281
0.00173122
0.001255
0.000671203
0.000166207
-9.20184e-05
-0.000230262
-0.000456474
-0.000917679
-0.00148422
-0.00200088
-0.00260788
-0.00329721
-0.00382369
-0.00431365
-0.00507508
-0.00585117
-0.00607192
-0.00567681
-0.00511479
-0.00472971
-0.00452604
-0.00439054
-0.00427319
-0.00417608
-0.00410189
-0.00404611
-0.00400679
-0.00398536
-0.00398216
-0.00399488
-0.00402001
-0.00405432
-0.00409537
-0.00414147
-0.00419156
-0.00424506
-0.00430164
-0.00436114
-0.00442345
-0.00448846
-0.00455609
-0.00462625
-0.00469886
-0.00477383
-0.00485111
-0.00493063
-0.00501234
-0.00509621
-0.0051822
-0.00527028
-0.00536043
-0.00545263
-0.00554686
-0.00564313
-0.00574143
-0.00584177
-0.00594416
-0.00604859
-0.00615507
-0.00626364
-0.0063743
-0.00648708
-0.00660202
-0.00671912
-0.00683843
-0.00695997
-0.00708377
-0.00720988
-0.00733831
-0.00746912
-0.00760234
-0.00773799
-0.00787617
-0.00801681
-0.00816015
-0.00830587
-0.00845467
-0.00860546
-0.00876017
-0.00891584
-0.00907704
-0.0092374
-0.00940523
-0.00957101
-0.00974365
-0.00991768
-0.0100904
-0.0102742
-0.0104438
-0.0106236
-0.0107902
-0.0109287
-0.0110515
0.0030186
0.0029569
0.00300742
0.00306613
0.00314055
0.00295069
0.00233119
0.00168805
0.00117597
0.000618829
0.000125795
-0.000161986
-0.000318349
-0.000520064
-0.00094188
-0.0014868
-0.00198296
-0.00256283
-0.00325239
-0.00378826
-0.00422525
-0.00487771
-0.00558618
-0.00583844
-0.00553378
-0.0050525
-0.0047088
-0.00451563
-0.00437805
-0.00425824
-0.00416236
-0.00409226
-0.00404127
-0.00400586
-0.0039868
-0.00398451
-0.00399712
-0.00402168
-0.00405534
-0.00409586
-0.00414159
-0.00419147
-0.00424486
-0.0043014
-0.0043609
-0.00442322
-0.00448825
-0.00455591
-0.00462609
-0.00469872
-0.00477371
-0.004851
-0.00493053
-0.00501226
-0.00509614
-0.00518214
-0.00527023
-0.00536039
-0.00545259
-0.00554683
-0.0056431
-0.00574141
-0.00584175
-0.00594414
-0.00604857
-0.00615506
-0.00626363
-0.00637429
-0.00648708
-0.00660201
-0.00671911
-0.00683842
-0.00695996
-0.00708377
-0.00720987
-0.00733831
-0.00746912
-0.00760234
-0.00773799
-0.00787617
-0.00801681
-0.00816015
-0.00830587
-0.00845467
-0.00860547
-0.00876017
-0.00891585
-0.00907704
-0.0092374
-0.00940524
-0.00957101
-0.00974367
-0.00991769
-0.0100904
-0.0102743
-0.0104439
-0.0106238
-0.0107903
-0.0109292
-0.0110521
0.00276878
0.00272696
0.00286702
0.0029583
0.00298153
0.00283601
0.00228054
0.00159598
0.00107333
0.00057333
9.67531e-05
-0.000212745
-0.000391606
-0.000591091
-0.000954631
-0.00144069
-0.00194167
-0.00254817
-0.0032318
-0.00372792
-0.00409919
-0.00468278
-0.00536598
-0.00565314
-0.00540868
-0.00497398
-0.00465511
-0.00447557
-0.00434887
-0.00423915
-0.00415172
-0.00408755
-0.00404003
-0.00400634
-0.00398801
-0.00398587
-0.00399832
-0.00402255
-0.00405585
-0.00409605
-0.00414155
-0.00419127
-0.00424458
-0.00430109
-0.00436058
-0.00442292
-0.00448799
-0.00455567
-0.00462588
-0.00469853
-0.00477355
-0.00485086
-0.00493042
-0.00501216
-0.00509605
-0.00518206
-0.00527016
-0.00536033
-0.00545255
-0.00554679
-0.00564307
-0.00574138
-0.00584173
-0.00594412
-0.00604856
-0.00615505
-0.00626362
-0.00637428
-0.00648707
-0.006602
-0.00671911
-0.00683842
-0.00695996
-0.00708377
-0.00720987
-0.00733831
-0.00746911
-0.00760234
-0.00773799
-0.00787617
-0.00801681
-0.00816015
-0.00830587
-0.00845467
-0.00860547
-0.00876017
-0.00891585
-0.00907704
-0.00923741
-0.00940524
-0.00957102
-0.00974368
-0.00991771
-0.0100905
-0.0102743
-0.010444
-0.0106241
-0.0107905
-0.0109297
-0.0110527
0.00254191
0.00258805
0.00278521
0.00284855
0.00277931
0.00265758
0.00218351
0.00146701
0.000936776
0.00054265
0.000126688
-0.000222662
-0.000456202
-0.000653716
-0.000955783
-0.00140803
-0.00193809
-0.0025504
-0.00318702
-0.00364567
-0.00399545
-0.00453426
-0.00516739
-0.00544706
-0.00524132
-0.00486061
-0.00458797
-0.00444006
-0.00433077
-0.00422818
-0.00414307
-0.00408031
-0.00403468
-0.00400322
-0.00398688
-0.00398605
-0.00399905
-0.00402327
-0.0040563
-0.00409617
-0.0041414
-0.00419095
-0.00424418
-0.00430067
-0.00436017
-0.00442254
-0.00448765
-0.00455537
-0.00462562
-0.0046983
-0.00477335
-0.00485069
-0.00493026
-0.00501203
-0.00509594
-0.00518197
-0.00527008
-0.00536026
-0.00545249
-0.00554674
-0.00564303
-0.00574135
-0.0058417
-0.00594409
-0.00604853
-0.00615503
-0.0062636
-0.00637427
-0.00648706
-0.006602
-0.0067191
-0.00683841
-0.00695996
-0.00708376
-0.00720987
-0.00733831
-0.00746911
-0.00760233
-0.00773799
-0.00787617
-0.00801681
-0.00816015
-0.00830587
-0.00845467
-0.00860547
-0.00876017
-0.00891585
-0.00907705
-0.00923741
-0.00940525
-0.00957103
-0.00974371
-0.00991774
-0.0100905
-0.0102744
-0.0104441
-0.0106244
-0.0107907
-0.0109302
-0.0110533
0.00241657
0.00248889
0.00263968
0.00268257
0.00257841
0.00243932
0.00200486
0.00131029
0.00084905
0.000588172
0.000191268
-0.000248858
-0.00052348
-0.000704759
-0.000995144
-0.00144055
-0.00194483
-0.00251014
-0.00311878
-0.00358532
-0.00391562
-0.00437082
-0.00492703
-0.00521149
-0.005075
-0.00476667
-0.00453818
-0.0044094
-0.00430644
-0.00420661
-0.00412524
-0.00406769
-0.00402722
-0.0039997
-0.00398579
-0.00398613
-0.00399947
-0.00402358
-0.00405635
-0.00409596
-0.004141
-0.00419044
-0.00424362
-0.00430011
-0.00435965
-0.00442206
-0.00448722
-0.00455499
-0.00462528
-0.00469801
-0.00477309
-0.00485047
-0.00493008
-0.00501187
-0.0050958
-0.00518185
-0.00526998
-0.00536018
-0.00545241
-0.00554668
-0.00564298
-0.0057413
-0.00584166
-0.00594406
-0.00604851
-0.00615501
-0.00626358
-0.00637426
-0.00648705
-0.00660199
-0.00671909
-0.00683841
-0.00695995
-0.00708376
-0.00720986
-0.0073383
-0.00746911
-0.00760233
-0.00773799
-0.00787616
-0.00801681
-0.00816015
-0.00830587
-0.00845467
-0.00860547
-0.00876017
-0.00891585
-0.00907705
-0.00923742
-0.00940526
-0.00957104
-0.00974373
-0.00991777
-0.0100906
-0.0102745
-0.0104443
-0.0106247
-0.0107909
-0.0109307
-0.0110539
0.00233677
0.00236583
0.00242922
0.00246513
0.00238913
0.00221467
0.001776
0.00118485
0.000855043
0.000646477
0.000199341
-0.000298206
-0.000580701
-0.000777738
-0.00108578
-0.00148681
-0.00191255
-0.00243551
-0.00304968
-0.00352387
-0.00381088
-0.00418391
-0.00469529
-0.00501028
-0.00493775
-0.0046764
-0.00447134
-0.00435751
-0.00426817
-0.00417987
-0.00410723
-0.00405597
-0.00401988
-0.00399528
-0.0039833
-0.00398488
-0.00399886
-0.0040232
-0.00405594
-0.00409543
-0.00414036
-0.00418973
-0.00424289
-0.0042994
-0.00435899
-0.00442146
-0.00448668
-0.00455452
-0.00462487
-0.00469765
-0.00477278
-0.0048502
-0.00492984
-0.00501167
-0.00509563
-0.0051817
-0.00526986
-0.00536007
-0.00545232
-0.0055466
-0.00564291
-0.00574125
-0.00584162
-0.00594402
-0.00604847
-0.00615498
-0.00626356
-0.00637424
-0.00648703
-0.00660197
-0.00671908
-0.0068384
-0.00695994
-0.00708375
-0.00720986
-0.0073383
-0.00746911
-0.00760233
-0.00773798
-0.00787616
-0.0080168
-0.00816015
-0.00830587
-0.00845467
-0.00860547
-0.00876018
-0.00891586
-0.00907706
-0.00923742
-0.00940527
-0.00957106
-0.00974376
-0.00991781
-0.0100907
-0.0102747
-0.0104444
-0.010625
-0.0107912
-0.0109311
-0.0110546
0.00230269
0.0022378
0.00217298
0.00219188
0.00219499
0.00201543
0.00155256
0.00108699
0.000894674
0.000670543
0.00015125
-0.000367709
-0.000655959
-0.000865772
-0.0011501
-0.00149209
-0.00186894
-0.00236212
-0.00296294
-0.00344219
-0.00371721
-0.00403623
-0.00449699
-0.00481396
-0.00478189
-0.00456234
-0.00438934
-0.00430159
-0.00423161
-0.0041545
-0.00408786
-0.00404111
-0.00400922
-0.00398828
-0.00397909
-0.00398249
-0.00399748
-0.00402223
-0.00405506
-0.00409452
-0.0041394
-0.00418875
-0.00424193
-0.00429849
-0.00435816
-0.00442072
-0.00448602
-0.00455393
-0.00462436
-0.00469721
-0.0047724
-0.00484987
-0.00492956
-0.00501142
-0.00509542
-0.00518152
-0.0052697
-0.00535994
-0.00545221
-0.00554651
-0.00564283
-0.00574118
-0.00584156
-0.00594398
-0.00604843
-0.00615495
-0.00626353
-0.00637421
-0.00648701
-0.00660196
-0.00671907
-0.00683839
-0.00695994
-0.00708375
-0.00720985
-0.0073383
-0.0074691
-0.00760233
-0.00773798
-0.00787616
-0.0080168
-0.00816015
-0.00830587
-0.00845467
-0.00860547
-0.00876018
-0.00891586
-0.00907706
-0.00923743
-0.00940528
-0.00957107
-0.00974379
-0.00991786
-0.0100908
-0.0102748
-0.0104446
-0.0106254
-0.0107915
-0.0109316
-0.0110554
0.00224323
0.00204117
0.00186799
0.00191201
0.00199542
0.00184053
0.00139539
0.00102455
0.000905813
0.000626767
3.25111e-05
-0.000467308
-0.00070228
-0.000888565
-0.00116046
-0.00149399
-0.00185714
-0.00230537
-0.00286975
-0.00336698
-0.00365014
-0.00390166
-0.00428228
-0.00459416
-0.00461836
-0.00445433
-0.00431354
-0.00424531
-0.00418962
-0.00412232
-0.00406277
-0.0040224
-0.00399624
-0.00397975
-0.00397361
-0.00397895
-0.00399507
-0.00402042
-0.00405352
-0.00409309
-0.00413803
-0.00418744
-0.0042407
-0.00429736
-0.00435713
-0.0044198
-0.00448521
-0.00455322
-0.00462374
-0.00469667
-0.00477193
-0.00484947
-0.00492921
-0.00501112
-0.00509516
-0.0051813
-0.00526952
-0.00535978
-0.00545208
-0.0055464
-0.00564274
-0.0057411
-0.00584149
-0.00594392
-0.00604839
-0.00615491
-0.0062635
-0.00637419
-0.00648699
-0.00660194
-0.00671906
-0.00683838
-0.00695993
-0.00708374
-0.00720985
-0.00733829
-0.0074691
-0.00760233
-0.00773798
-0.00787616
-0.0080168
-0.00816015
-0.00830587
-0.00845467
-0.00860547
-0.00876018
-0.00891587
-0.00907707
-0.00923744
-0.0094053
-0.0095711
-0.00974382
-0.00991792
-0.0100908
-0.010275
-0.0104448
-0.0106258
-0.0107918
-0.0109321
-0.0110561
0.00203715
0.00182418
0.00165012
0.0017145
0.00179106
0.00167483
0.00132434
0.000961534
0.000779922
0.000478352
-7.95953e-05
-0.000498335
-0.000670957
-0.000874808
-0.00118895
-0.00153201
-0.00187773
-0.00227318
-0.00277663
-0.00326632
-0.00355819
-0.00375957
-0.00407403
-0.00438818
-0.00446903
-0.00435154
-0.00423107
-0.00417721
-0.00413835
-0.0040852
-0.00403508
-0.0040016
-0.00398114
-0.00396911
-0.0039662
-0.00397379
-0.0039914
-0.00401764
-0.00405123
-0.00409108
-0.0041362
-0.00418575
-0.00423914
-0.00429595
-0.00435586
-0.00441868
-0.00448422
-0.00455236
-0.00462298
-0.00469601
-0.00477137
-0.00484898
-0.00492879
-0.00501076
-0.00509485
-0.00518104
-0.00526929
-0.00535959
-0.00545191
-0.00554626
-0.00564262
-0.005741
-0.00584141
-0.00594385
-0.00604833
-0.00615486
-0.00626346
-0.00637415
-0.00648696
-0.00660192
-0.00671904
-0.00683836
-0.00695991
-0.00708373
-0.00720984
-0.00733828
-0.00746909
-0.00760232
-0.00773798
-0.00787616
-0.0080168
-0.00816015
-0.00830587
-0.00845467
-0.00860548
-0.00876019
-0.00891587
-0.00907708
-0.00923745
-0.00940531
-0.00957112
-0.00974386
-0.00991799
-0.0100909
-0.0102752
-0.010445
-0.0106262
-0.0107922
-0.0109326
-0.0110569
0.00181407
0.00175662
0.00158031
0.00154199
0.00153145
0.00147182
0.00126581
0.000858207
0.000543047
0.000319684
-7.48939e-05
-0.000451776
-0.000657163
-0.000910704
-0.0012579
-0.00158442
-0.0018938
-0.00223456
-0.00266195
-0.00312863
-0.00345583
-0.00364915
-0.00390125
-0.00419152
-0.00431138
-0.00423915
-0.00414165
-0.00410378
-0.00408323
-0.00404509
-0.00400422
-0.00397734
-0.00396283
-0.00395586
-0.00395673
-0.00396697
-0.00398636
-0.00401375
-0.00404806
-0.00408836
-0.00413379
-0.00418359
-0.0042372
-0.00429421
-0.00435432
-0.00441731
-0.00448302
-0.00455131
-0.00462207
-0.00469522
-0.00477068
-0.00484839
-0.00492829
-0.00501033
-0.00509448
-0.00518072
-0.00526902
-0.00535936
-0.00545172
-0.00554609
-0.00564248
-0.00574088
-0.00584131
-0.00594377
-0.00604826
-0.0061548
-0.00626341
-0.00637411
-0.00648693
-0.00660189
-0.00671902
-0.00683834
-0.0069599
-0.00708372
-0.00720983
-0.00733828
-0.00746909
-0.00760232
-0.00773797
-0.00787616
-0.0080168
-0.00816014
-0.00830588
-0.00845468
-0.00860548
-0.00876019
-0.00891588
-0.00907708
-0.00923747
-0.00940533
-0.00957116
-0.00974391
-0.00991807
-0.010091
-0.0102754
-0.0104452
-0.0106267
-0.0107926
-0.0109331
-0.0110577
0.00168342
0.00173864
0.00148443
0.00128351
0.00123308
0.00127931
0.00120454
0.000745015
0.000303902
0.000200462
-3.02706e-06
-0.00041794
-0.000732127
-0.000995842
-0.00131203
-0.0015978
-0.00187025
-0.00218463
-0.00256551
-0.00300425
-0.00335816
-0.00355268
-0.0037413
-0.00399172
-0.00414553
-0.00412602
-0.00405435
-0.00402804
-0.00402241
-0.00399949
-0.00396901
-0.00394948
-0.00394147
-0.00394004
-0.00394507
-0.00395827
-0.00397975
-0.00400858
-0.00404385
-0.0040848
-0.0041307
-0.00418087
-0.00423479
-0.00429207
-0.00435244
-0.00441566
-0.00448158
-0.00455005
-0.00462098
-0.00469428
-0.00476987
-0.00484769
-0.00492768
-0.00500981
-0.00509404
-0.00518034
-0.0052687
-0.00535908
-0.00545148
-0.00554589
-0.00564231
-0.00574074
-0.00584119
-0.00594366
-0.00604817
-0.00615473
-0.00626335
-0.00637406
-0.00648689
-0.00660186
-0.00671899
-0.00683832
-0.00695988
-0.0070837
-0.00720982
-0.00733827
-0.00746908
-0.00760231
-0.00773797
-0.00787615
-0.0080168
-0.00816014
-0.00830588
-0.00845468
-0.00860548
-0.0087602
-0.00891589
-0.0090771
-0.00923749
-0.00940536
-0.00957119
-0.00974396
-0.00991816
-0.0100911
-0.0102756
-0.0104454
-0.0106271
-0.010793
-0.0109336
-0.0110585
0.00149555
0.00156129
0.00129087
0.0010455
0.00105943
0.00116214
0.0010569
0.000570451
0.000139522
0.000137908
3.14961e-05
-0.000460611
-0.000860335
-0.00105677
-0.00129504
-0.00157197
-0.0018516
-0.00216626
-0.00250917
-0.00288795
-0.00323313
-0.00344217
-0.00359751
-0.00380907
-0.0039829
-0.00401159
-0.00396574
-0.00394809
-0.00395533
-0.0039487
-0.00393015
-0.00391838
-0.00391695
-0.00392135
-0.00393093
-0.00394745
-0.00397136
-0.00400195
-0.00403846
-0.00408028
-0.00412682
-0.0041775
-0.00423184
-0.00428949
-0.00435017
-0.00441368
-0.00447985
-0.00454855
-0.00461968
-0.00469315
-0.00476889
-0.00484685
-0.00492696
-0.00500919
-0.00509351
-0.00517989
-0.00526831
-0.00535875
-0.0054512
-0.00554566
-0.00564211
-0.00574058
-0.00584105
-0.00594354
-0.00604807
-0.00615464
-0.00626328
-0.006374
-0.00648684
-0.00660182
-0.00671896
-0.0068383
-0.00695986
-0.00708369
-0.0072098
-0.00733826
-0.00746907
-0.00760231
-0.00773797
-0.00787615
-0.0080168
-0.00816014
-0.00830588
-0.00845468
-0.00860549
-0.0087602
-0.0089159
-0.00907711
-0.00923751
-0.00940538
-0.00957124
-0.00974401
-0.00991827
-0.0100913
-0.0102759
-0.0104457
-0.0106276
-0.0107935
-0.0109341
-0.0110593
0.00120353
0.00129211
0.00115089
0.000981034
0.000981775
0.000943944
0.000742527
0.000425836
0.000152299
7.98354e-05
-9.24474e-05
-0.000559301
-0.000915632
-0.00104612
-0.00126212
-0.00157969
-0.00186989
-0.00215314
-0.00244717
-0.00276592
-0.0030936
-0.00332953
-0.00347761
-0.00364863
-0.00382115
-0.0038899
-0.00387437
-0.00386673
-0.00388434
-0.00389319
-0.00388735
-0.0038838
-0.00388904
-0.00389957
-0.00391414
-0.00393437
-0.00396104
-0.00399369
-0.00403171
-0.00407465
-0.00412203
-0.00417337
-0.00422825
-0.00428637
-0.00434745
-0.00441131
-0.00447779
-0.00454676
-0.00461813
-0.00469181
-0.00476774
-0.00484585
-0.0049261
-0.00500845
-0.00509287
-0.00517935
-0.00526785
-0.00535836
-0.00545087
-0.00554537
-0.00564187
-0.00574038
-0.00584088
-0.0059434
-0.00604795
-0.00615454
-0.0062632
-0.00637394
-0.00648679
-0.00660177
-0.00671892
-0.00683827
-0.00695984
-0.00708367
-0.00720979
-0.00733824
-0.00746906
-0.0076023
-0.00773796
-0.00787615
-0.0080168
-0.00816014
-0.00830588
-0.00845468
-0.00860549
-0.00876021
-0.00891591
-0.00907712
-0.00923753
-0.00940541
-0.00957129
-0.00974408
-0.00991839
-0.0100914
-0.0102762
-0.010446
-0.0106281
-0.0107941
-0.0109346
-0.01106
0.000964845
0.00109604
0.00109245
0.000933818
0.000768345
0.000611113
0.000513469
0.000431701
0.000177168
-0.000111529
-0.000306384
-0.000577848
-0.000866457
-0.00105664
-0.00129968
-0.00160906
-0.00186683
-0.00210941
-0.00237958
-0.00266642
-0.0029668
-0.00321291
-0.00336488
-0.00350507
-0.00366487
-0.00376393
-0.00378111
-0.00378543
-0.00381049
-0.00383284
-0.00384033
-0.00384575
-0.00385781
-0.00387463
-0.00389453
-0.00391884
-0.0039486
-0.00398363
-0.00402346
-0.00406776
-0.00411619
-0.00416837
-0.00422394
-0.00428263
-0.00434421
-0.00440849
-0.00447534
-0.00454464
-0.00461629
-0.00469022
-0.00476637
-0.00484467
-0.00492509
-0.00500758
-0.00509213
-0.00517871
-0.00526731
-0.0053579
-0.00545048
-0.00554504
-0.00564159
-0.00574014
-0.00584068
-0.00594323
-0.00604781
-0.00615443
-0.0062631
-0.00637386
-0.00648672
-0.00660172
-0.00671888
-0.00683823
-0.00695981
-0.00708364
-0.00720977
-0.00733823
-0.00746905
-0.00760229
-0.00773795
-0.00787614
-0.00801679
-0.00816014
-0.00830588
-0.00845469
-0.0086055
-0.00876022
-0.00891593
-0.00907714
-0.00923756
-0.00940544
-0.00957135
-0.00974415
-0.00991853
-0.0100916
-0.0102765
-0.0104463
-0.0106286
-0.0107947
-0.0109351
-0.0110608
0.000832974
0.000935605
0.000938716
0.0007387
0.000518757
0.000443502
0.000452942
0.000353806
2.1549e-05
-0.000300706
-0.00040326
-0.000547202
-0.000861366
-0.00113515
-0.00134977
-0.00159511
-0.0018342
-0.00207029
-0.00232929
-0.00258799
-0.00284875
-0.00308717
-0.0032516
-0.00337906
-0.00352182
-0.00363709
-0.00368431
-0.00370354
-0.00373501
-0.00376854
-0.00378921
-0.00380431
-0.00382335
-0.00384649
-0.00387199
-0.00390074
-0.00393391
-0.00397161
-0.00401354
-0.00405948
-0.00410918
-0.00416238
-0.00421879
-0.00427818
-0.00434036
-0.00440516
-0.00447245
-0.00454214
-0.00461413
-0.00468836
-0.00476476
-0.00484328
-0.00492389
-0.00500656
-0.00509125
-0.00517796
-0.00526667
-0.00535735
-0.00545001
-0.00554465
-0.00564126
-0.00573986
-0.00584045
-0.00594304
-0.00604764
-0.00615429
-0.00626298
-0.00637376
-0.00648664
-0.00660165
-0.00671883
-0.00683819
-0.00695977
-0.00708361
-0.00720975
-0.00733821
-0.00746904
-0.00760228
-0.00773795
-0.00787614
-0.00801679
-0.00816014
-0.00830588
-0.00845469
-0.00860551
-0.00876023
-0.00891594
-0.00907716
-0.00923759
-0.00940548
-0.00957142
-0.00974423
-0.00991868
-0.0100918
-0.0102768
-0.0104467
-0.0106292
-0.0107953
-0.0109357
-0.0110616
0.000704627
0.000718924
0.000690632
0.000556778
0.000429761
0.000381368
0.000297918
0.000115468
-0.0001272
-0.000333557
-0.000447422
-0.000620061
-0.000923847
-0.00118118
-0.00135623
-0.00157125
-0.00181648
-0.0020474
-0.00228049
-0.00251147
-0.00274059
-0.00296446
-0.00313936
-0.00326605
-0.00339309
-0.00351247
-0.00358398
-0.00362076
-0.00365922
-0.0037015
-0.00373427
-0.00375948
-0.00378578
-0.00381522
-0.00384647
-0.00387995
-0.00391684
-0.00395752
-0.00400183
-0.00404965
-0.00410087
-0.00415529
-0.00421271
-0.00427294
-0.00433583
-0.00440124
-0.00446906
-0.00453921
-0.0046116
-0.00468617
-0.00476287
-0.00484166
-0.0049225
-0.00500536
-0.00509023
-0.00517709
-0.00526592
-0.00535672
-0.00544947
-0.00554419
-0.00564088
-0.00573953
-0.00584017
-0.00594281
-0.00604745
-0.00615412
-0.00626285
-0.00637365
-0.00648655
-0.00660158
-0.00671877
-0.00683814
-0.00695973
-0.00708358
-0.00720972
-0.00733819
-0.00746902
-0.00760227
-0.00773794
-0.00787613
-0.00801679
-0.00816014
-0.00830588
-0.00845469
-0.00860552
-0.00876024
-0.00891596
-0.00907718
-0.00923763
-0.00940553
-0.0095715
-0.00974433
-0.00991885
-0.010092
-0.0102772
-0.0104471
-0.0106297
-0.0107959
-0.0109362
-0.0110624
0.000547182
0.000517595
0.000508014
0.000457232
0.000349429
0.000216492
7.38034e-05
-5.13842e-05
-0.000179224
-0.000364711
-0.000560183
-0.000739835
-0.000958001
-0.00117925
-0.00136705
-0.00157621
-0.0018058
-0.00201759
-0.0022267
-0.00243987
-0.0026482
-0.00285249
-0.00302805
-0.00315939
-0.00327747
-0.00339438
-0.0034823
-0.00353674
-0.00358359
-0.00363293
-0.00367614
-0.00371143
-0.00374528
-0.00378099
-0.00381802
-0.00385646
-0.00389734
-0.00394124
-0.0039882
-0.00403818
-0.00409113
-0.00414698
-0.00420558
-0.00426681
-0.00433054
-0.00439667
-0.00446511
-0.00453579
-0.00460865
-0.00468362
-0.00476067
-0.00483977
-0.00492087
-0.00500396
-0.00508903
-0.00517606
-0.00526505
-0.00535597
-0.00544884
-0.00554366
-0.00564042
-0.00573915
-0.00583985
-0.00594254
-0.00604722
-0.00615393
-0.00626269
-0.00637352
-0.00648644
-0.00660149
-0.00671869
-0.00683808
-0.00695969
-0.00708354
-0.00720969
-0.00733817
-0.007469
-0.00760225
-0.00773793
-0.00787612
-0.00801678
-0.00816014
-0.00830589
-0.0084547
-0.00860553
-0.00876025
-0.00891598
-0.00907721
-0.00923768
-0.00940558
-0.00957159
-0.00974444
-0.00991904
-0.0100922
-0.0102775
-0.0104475
-0.0106302
-0.0107966
-0.0109368
-0.0110631
0.000416948
0.000384194
0.000369161
0.000312318
0.000185074
4.54613e-05
-5.66759e-05
-0.000144417
-0.00027509
-0.000470851
-0.00066373
-0.000811449
-0.000981911
-0.00119479
-0.00139473
-0.00158469
-0.00178587
-0.00198366
-0.00217898
-0.00237647
-0.00256704
-0.00275151
-0.00292072
-0.00305711
-0.00317287
-0.00328536
-0.00338199
-0.00345166
-0.00350817
-0.00356391
-0.00361576
-0.00366053
-0.00370208
-0.00374404
-0.00378677
-0.00383028
-0.00387538
-0.00392275
-0.00397259
-0.00402495
-0.00407987
-0.00413735
-0.00419732
-0.0042597
-0.0043244
-0.00439137
-0.00446053
-0.00453183
-0.00460523
-0.00468067
-0.00475813
-0.00483757
-0.00491898
-0.00500234
-0.00508764
-0.00517488
-0.00526403
-0.00535511
-0.00544811
-0.00554304
-0.0056399
-0.00573871
-0.00583948
-0.00594222
-0.00604696
-0.00615372
-0.00626251
-0.00637337
-0.00648632
-0.00660139
-0.00671861
-0.00683801
-0.00695963
-0.0070835
-0.00720965
-0.00733814
-0.00746898
-0.00760223
-0.00773792
-0.00787612
-0.00801678
-0.00816014
-0.00830589
-0.0084547
-0.00860554
-0.00876027
-0.00891601
-0.00907724
-0.00923772
-0.00940565
-0.00957169
-0.00974456
-0.00991924
-0.0100924
-0.0102779
-0.010448
-0.0106308
-0.0107972
-0.0109375
-0.0110639
0.000304062
0.000255286
0.000207126
0.000138159
4.04528e-05
-6.20842e-05
-0.00015902
-0.000271507
-0.000409319
-0.000566082
-0.000723839
-0.000870752
-0.00103458
-0.00122684
-0.00141245
-0.00158583
-0.00176867
-0.00195532
-0.00213732
-0.0023179
-0.0024933
-0.00266214
-0.00282181
-0.00295969
-0.00307642
-0.00318566
-0.00328575
-0.00336672
-0.00343307
-0.0034952
-0.00355417
-0.00360737
-0.00365649
-0.00370468
-0.00375299
-0.00380156
-0.00385102
-0.00390204
-0.00395496
-0.00400992
-0.00406703
-0.00412633
-0.00418784
-0.00425153
-0.00431735
-0.00438527
-0.00445526
-0.00452727
-0.00460129
-0.00467727
-0.00475519
-0.00483504
-0.00491681
-0.00500048
-0.00508604
-0.00517351
-0.00526286
-0.00535411
-0.00544726
-0.00554232
-0.00563929
-0.0057382
-0.00583904
-0.00594186
-0.00604666
-0.00615346
-0.0062623
-0.00637319
-0.00648618
-0.00660127
-0.00671852
-0.00683794
-0.00695957
-0.00708345
-0.00720961
-0.00733811
-0.00746895
-0.00760222
-0.0077379
-0.00787611
-0.00801677
-0.00816014
-0.00830589
-0.00845471
-0.00860555
-0.00876029
-0.00891603
-0.00907728
-0.00923778
-0.00940571
-0.0095718
-0.0097447
-0.00991945
-0.0100927
-0.0102783
-0.0104485
-0.0106314
-0.0107979
-0.0109381
-0.0110646
0.000177029
0.000116856
5.89684e-05
-1.52157e-06
-7.80966e-05
-0.000175562
-0.00028519
-0.000399012
-0.000515428
-0.000643573
-0.000789415
-0.000939821
-0.00109156
-0.00125561
-0.00142463
-0.00158991
-0.00175878
-0.00193045
-0.00209859
-0.00226462
-0.0024273
-0.00258375
-0.00273303
-0.0028685
-0.00298656
-0.00309452
-0.00319549
-0.00328369
-0.00335876
-0.0034273
-0.00349237
-0.00355278
-0.00360899
-0.00366328
-0.003717
-0.00377055
-0.00382441
-0.0038792
-0.00393536
-0.00399309
-0.00405256
-0.00411387
-0.00417709
-0.00424224
-0.00430932
-0.00437832
-0.00444924
-0.00452207
-0.00459679
-0.00467338
-0.00475184
-0.00483215
-0.00491432
-0.00499834
-0.00508421
-0.00517194
-0.00526152
-0.00535297
-0.00544629
-0.0055415
-0.00563859
-0.00573761
-0.00583855
-0.00594144
-0.00604631
-0.00615317
-0.00626206
-0.00637299
-0.00648601
-0.00660114
-0.0067184
-0.00683784
-0.00695949
-0.00708339
-0.00720957
-0.00733807
-0.00746893
-0.00760219
-0.00773788
-0.00787609
-0.00801677
-0.00816013
-0.00830589
-0.00845472
-0.00860556
-0.00876031
-0.00891607
-0.00907732
-0.00923784
-0.00940579
-0.00957192
-0.00974485
-0.00991968
-0.010093
-0.0102787
-0.010449
-0.0106319
-0.0107986
-0.0109387
-0.0110653
4.98885e-05
-7.6412e-06
-6.5488e-05
-0.000128119
-0.000205261
-0.000299076
-0.000399846
-0.0005015
-0.000608856
-0.000729371
-0.000863579
-0.00100183
-0.00114003
-0.00128663
-0.00144178
-0.00159678
-0.00175165
-0.00190849
-0.00206426
-0.002218
-0.00236895
-0.00251472
-0.00265446
-0.0027852
-0.00290324
-0.00301099
-0.00311201
-0.00320429
-0.00328613
-0.00336071
-0.00343117
-0.00349765
-0.00356023
-0.00362032
-0.00367923
-0.00373756
-0.00379577
-0.00385439
-0.00391388
-0.00397451
-0.00403649
-0.00409996
-0.00416505
-0.0042318
-0.00430027
-0.00437048
-0.00444245
-0.00451618
-0.00459169
-0.00466897
-0.00474803
-0.00482887
-0.00491149
-0.00499591
-0.00508212
-0.00517015
-0.00526
-0.00535167
-0.00544518
-0.00554056
-0.0056378
-0.00573693
-0.00583798
-0.00594097
-0.00604591
-0.00615284
-0.00626178
-0.00637276
-0.00648582
-0.00660098
-0.00671828
-0.00683774
-0.00695941
-0.00708332
-0.00720951
-0.00733803
-0.00746889
-0.00760217
-0.00773787
-0.00787608
-0.00801676
-0.00816013
-0.0083059
-0.00845473
-0.00860558
-0.00876033
-0.0089161
-0.00907736
-0.00923791
-0.00940588
-0.00957205
-0.00974502
-0.00991992
-0.0100933
-0.0102791
-0.0104495
-0.0106325
-0.0107993
-0.0109394
-0.011066
-6.91959e-05
-0.000124918
-0.00018556
-0.000251983
-0.000326533
-0.000410288
-0.000501348
-0.00059831
-0.000702052
-0.000813435
-0.000932687
-0.00105792
-0.00118688
-0.00132136
-0.00146191
-0.00160429
-0.00174699
-0.00189116
-0.00203529
-0.00217776
-0.0023179
-0.00245423
-0.00258564
-0.00271074
-0.00282703
-0.00293452
-0.00303545
-0.00312981
-0.00321632
-0.00329607
-0.00337131
-0.00344289
-0.00351097
-0.00357637
-0.00364017
-0.00370305
-0.00376545
-0.00382786
-0.00389071
-0.00395431
-0.0040189
-0.00408466
-0.00415173
-0.00422022
-0.0042902
-0.00436173
-0.00443485
-0.00450959
-0.00458597
-0.00466402
-0.00474374
-0.00482517
-0.0049083
-0.00499317
-0.00507977
-0.00516813
-0.00525827
-0.0053502
-0.00544393
-0.00553949
-0.0056369
-0.00573617
-0.00583734
-0.00594043
-0.00604546
-0.00615246
-0.00626147
-0.00637251
-0.00648561
-0.00660081
-0.00671813
-0.00683762
-0.00695931
-0.00708324
-0.00720945
-0.00733798
-0.00746885
-0.00760214
-0.00773784
-0.00787607
-0.00801675
-0.00816013
-0.0083059
-0.00845474
-0.0086056
-0.00876036
-0.00891614
-0.00907741
-0.00923798
-0.00940598
-0.00957219
-0.00974521
-0.00992018
-0.0100937
-0.0102795
-0.01045
-0.0106331
-0.0108
-0.0109401
-0.0110668
-0.000183979
-0.000239072
-0.000299492
-0.000364676
-0.00043552
-0.000513723
-0.000599481
-0.000691222
-0.000787867
-0.000889861
-0.000998408
-0.00111335
-0.00123271
-0.00135585
-0.00148336
-0.00161387
-0.00174565
-0.00187845
-0.00201154
-0.00214369
-0.00227416
-0.00240191
-0.00252591
-0.00264527
-0.00275857
-0.00286508
-0.00296573
-0.00306103
-0.00315044
-0.00323417
-0.00331348
-0.00338931
-0.00346203
-0.00353214
-0.00360043
-0.00366753
-0.0037339
-0.00379997
-0.00386613
-0.0039327
-0.00399995
-0.00406806
-0.00413722
-0.00420754
-0.00427914
-0.00435209
-0.00442645
-0.00450228
-0.00457963
-0.00465851
-0.00473898
-0.00482105
-0.00490475
-0.0049901
-0.00507714
-0.00516588
-0.00525634
-0.00534855
-0.00544253
-0.0055383
-0.00563589
-0.00573532
-0.00583662
-0.00593982
-0.00604495
-0.00615204
-0.00626112
-0.00637222
-0.00648537
-0.00660061
-0.00671797
-0.00683749
-0.00695921
-0.00708316
-0.00720938
-0.00733792
-0.00746881
-0.00760211
-0.00773782
-0.00787605
-0.00801674
-0.00816013
-0.0083059
-0.00845475
-0.00860562
-0.00876038
-0.00891618
-0.00907747
-0.00923807
-0.00940609
-0.00957234
-0.00974541
-0.00992045
-0.010094
-0.01028
-0.0104506
-0.0106337
-0.0108006
-0.0109408
-0.0110675
-0.000292413
-0.000346012
-0.000404577
-0.000467979
-0.000536603
-0.000611057
-0.000691298
-0.000776578
-0.000866482
-0.000961314
-0.00106149
-0.00116682
-0.00127637
-0.00138949
-0.00150622
-0.00162594
-0.00174739
-0.00186992
-0.001993
-0.00211579
-0.00223753
-0.00235743
-0.00247467
-0.00258853
-0.00269818
-0.00280291
-0.00290285
-0.00299837
-0.00308938
-0.00317586
-0.00325839
-0.00333772
-0.00341425
-0.00348839
-0.00356065
-0.00363159
-0.00370163
-0.00377115
-0.0038405
-0.00390999
-0.00397988
-0.00405037
-0.00412166
-0.00419388
-0.00426717
-0.00434161
-0.0044173
-0.00449431
-0.00457268
-0.00465248
-0.00473374
-0.00481651
-0.00490083
-0.00498672
-0.00507423
-0.00516338
-0.0052542
-0.00534673
-0.00544097
-0.00553698
-0.00563477
-0.00573437
-0.00583582
-0.00593915
-0.00604439
-0.00615157
-0.00626073
-0.00637189
-0.0064851
-0.00660039
-0.00671779
-0.00683735
-0.00695909
-0.00708306
-0.00720931
-0.00733786
-0.00746876
-0.00760207
-0.00773779
-0.00787603
-0.00801673
-0.00816012
-0.00830591
-0.00845476
-0.00860564
-0.00876042
-0.00891623
-0.00907753
-0.00923815
-0.0094062
-0.0095725
-0.00974562
-0.00992073
-0.0100944
-0.0102804
-0.0104511
-0.0106343
-0.0108013
-0.0109415
-0.0110682
-0.00039281
-0.000445224
-0.000502173
-0.000563658
-0.00062965
-0.00070024
-0.000775504
-0.00085531
-0.000939444
-0.00102783
-0.0011205
-0.00121743
-0.00131829
-0.00142257
-0.00152995
-0.00164002
-0.00175205
-0.00186539
-0.00197953
-0.00209384
-0.00220768
-0.00232043
-0.00243144
-0.00254011
-0.00264588
-0.00274821
-0.0028469
-0.00294208
-0.00303376
-0.00312192
-0.00320681
-0.00328886
-0.00336846
-0.00344591
-0.00352159
-0.00359592
-0.00366926
-0.00374195
-0.0038143
-0.00388657
-0.00395902
-0.00403186
-0.00410528
-0.00417943
-0.00425444
-0.00433043
-0.0044075
-0.00448573
-0.00456519
-0.00464595
-0.00472807
-0.00481159
-0.00489657
-0.00498305
-0.00507107
-0.00516066
-0.00525187
-0.00534473
-0.00543927
-0.00553553
-0.00563354
-0.00573333
-0.00583495
-0.00593842
-0.00604377
-0.00615106
-0.0062603
-0.00637154
-0.00648481
-0.00660015
-0.00671759
-0.00683718
-0.00695896
-0.00708296
-0.00720922
-0.0073378
-0.00746871
-0.00760203
-0.00773776
-0.00787601
-0.00801672
-0.00816012
-0.00830591
-0.00845477
-0.00860566
-0.00876045
-0.00891628
-0.0090776
-0.00923825
-0.00940633
-0.00957267
-0.00974583
-0.00992101
-0.0100947
-0.0102809
-0.0104516
-0.0106349
-0.010802
-0.0109421
-0.0110689
-0.000484901
-0.000536485
-0.000591938
-0.0006513
-0.00071453
-0.000781652
-0.000852722
-0.000927711
-0.0010065
-0.001089
-0.0011752
-0.00126506
-0.00135837
-0.0014548
-0.00155401
-0.00165569
-0.00175938
-0.00186456
-0.00197076
-0.00207749
-0.00218424
-0.0022905
-0.00239578
-0.00249958
-0.00260147
-0.00270104
-0.00279802
-0.00289236
-0.00298403
-0.00307302
-0.00315943
-0.00324347
-0.00332542
-0.00340551
-0.00348402
-0.00356124
-0.00363747
-0.00371299
-0.00378806
-0.00386292
-0.0039378
-0.0040129
-0.00408839
-0.00416443
-0.00424116
-0.00431871
-0.00439718
-0.00447667
-0.00455726
-0.00463902
-0.00472203
-0.00480634
-0.00489202
-0.00497911
-0.00506767
-0.00515774
-0.00524936
-0.00534258
-0.00543744
-0.00553397
-0.00563222
-0.00573222
-0.005834
-0.00593762
-0.00604311
-0.0061505
-0.00625984
-0.00637115
-0.00648449
-0.00659989
-0.00671738
-0.00683701
-0.00695882
-0.00708285
-0.00720913
-0.00733772
-0.00746866
-0.00760199
-0.00773773
-0.00787599
-0.00801671
-0.00816011
-0.00830592
-0.00845479
-0.00860569
-0.00876048
-0.00891633
-0.00907767
-0.00923834
-0.00940646
-0.00957284
-0.00974606
-0.0099213
-0.0100951
-0.0102813
-0.0104522
-0.0106355
-0.0108026
-0.0109428
-0.0110695
-0.000567885
-0.000618727
-0.000672939
-0.000730532
-0.000791443
-0.000855625
-0.000923075
-0.00099381
-0.00106783
-0.00114514
-0.0012257
-0.00130947
-0.00139628
-0.00148592
-0.00157811
-0.00167258
-0.00176901
-0.00186703
-0.00196625
-0.00206629
-0.00216674
-0.00226719
-0.00236725
-0.00246653
-0.00256466
-0.00266132
-0.00275627
-0.00284936
-0.00294051
-0.00302968
-0.00311689
-0.00320224
-0.00328588
-0.00336798
-0.00344872
-0.00352832
-0.00360699
-0.00368496
-0.00376244
-0.00383963
-0.00391674
-0.00399393
-0.00407138
-0.00414924
-0.00422765
-0.00430673
-0.00438659
-0.00446733
-0.00454905
-0.00463183
-0.00471574
-0.00480086
-0.00488726
-0.00497499
-0.00506411
-0.00515467
-0.00524673
-0.00534032
-0.00543551
-0.00553233
-0.00563082
-0.00573103
-0.00583301
-0.00593678
-0.0060424
-0.00614991
-0.00625935
-0.00637075
-0.00648416
-0.00659961
-0.00671715
-0.00683683
-0.00695867
-0.00708273
-0.00720904
-0.00733765
-0.0074686
-0.00760194
-0.0077377
-0.00787597
-0.00801669
-0.00816011
-0.00830592
-0.0084548
-0.00860571
-0.00876052
-0.00891638
-0.00907774
-0.00923844
-0.00940659
-0.00957301
-0.00974628
-0.00992158
-0.0100954
-0.0102817
-0.0104527
-0.0106361
-0.0108032
-0.0109434
-0.0110702
-0.000641493
-0.00069134
-0.000744358
-0.000800503
-0.000859621
-0.000921544
-0.000986174
-0.0010535
-0.00112356
-0.00119642
-0.00127211
-0.00135064
-0.00143191
-0.00151577
-0.00160199
-0.00169032
-0.00178054
-0.00187238
-0.00196555
-0.00205977
-0.00215469
-0.00225
-0.00234538
-0.00244051
-0.0025351
-0.00262888
-0.00272164
-0.0028132
-0.00290344
-0.0029923
-0.00307976
-0.00316582
-0.00325056
-0.00333408
-0.0034165
-0.00349795
-0.0035786
-0.0036586
-0.00373813
-0.00381735
-0.00389643
-0.00397551
-0.00405476
-0.00413431
-0.00421428
-0.00429481
-0.004376
-0.00445796
-0.00454078
-0.00462456
-0.00470937
-0.0047953
-0.00488241
-0.00497078
-0.00506046
-0.00515152
-0.00524402
-0.005338
-0.00543352
-0.00553063
-0.00562938
-0.00572981
-0.00583198
-0.00593592
-0.00604168
-0.00614931
-0.00625884
-0.00637033
-0.00648381
-0.00659933
-0.00671692
-0.00683664
-0.00695851
-0.0070826
-0.00720894
-0.00733757
-0.00746853
-0.00760189
-0.00773766
-0.00787594
-0.00801668
-0.0081601
-0.00830592
-0.00845481
-0.00860573
-0.00876056
-0.00891643
-0.00907781
-0.00923854
-0.00940671
-0.00957318
-0.0097465
-0.00992186
-0.0100958
-0.0102821
-0.0104531
-0.0106366
-0.0108038
-0.010944
-0.0110708
-0.000706865
-0.000755299
-0.000806761
-0.000861304
-0.000918741
-0.000978796
-0.00104124
-0.00110597
-0.00117298
-0.00124231
-0.00131407
-0.0013883
-0.00146499
-0.00154403
-0.00162528
-0.00170853
-0.00179358
-0.00188023
-0.00196826
-0.00205748
-0.00214765
-0.0022385
-0.00232975
-0.00242117
-0.0025125
-0.00260354
-0.00269408
-0.00278396
-0.00287305
-0.00296126
-0.00304852
-0.00313481
-0.00322015
-0.00330457
-0.00338815
-0.00347096
-0.00355312
-0.00363473
-0.00371592
-0.00379682
-0.00387757
-0.00395828
-0.0040391
-0.00412014
-0.00420153
-0.00428338
-0.0043658
-0.00444889
-0.00453275
-0.00461747
-0.00470314
-0.00478984
-0.00487764
-0.00496663
-0.00505686
-0.00514841
-0.00524134
-0.0053357
-0.00543155
-0.00552895
-0.00562795
-0.0057286
-0.00583095
-0.00593505
-0.00604095
-0.0061487
-0.00625834
-0.00636991
-0.00648346
-0.00659904
-0.00671669
-0.00683645
-0.00695836
-0.00708248
-0.00720884
-0.00733749
-0.00746847
-0.00760184
-0.00773763
-0.00787592
-0.00801666
-0.0081601
-0.00830593
-0.00845483
-0.00860576
-0.00876059
-0.00891648
-0.00907788
-0.00923863
-0.00940684
-0.00957333
-0.0097467
-0.00992211
-0.0100961
-0.0102825
-0.0104536
-0.0106371
-0.0108043
-0.0109445
-0.0110713
-0.000765256
-0.000812955
-0.000863062
-0.000915816
-0.000971181
-0.00102899
-0.00108908
-0.00115135
-0.00121575
-0.0012823
-0.00135102
-0.00142192
-0.00149498
-0.00157017
-0.00164739
-0.00172651
-0.00180738
-0.00188984
-0.00197371
-0.00205884
-0.00214504
-0.00223213
-0.00231988
-0.00240808
-0.00249654
-0.00258507
-0.00267352
-0.00276171
-0.00284952
-0.00293685
-0.00302362
-0.00310978
-0.00319531
-0.0032802
-0.00336448
-0.0034482
-0.00353142
-0.00361421
-0.00369667
-0.00377888
-0.00386095
-0.00394299
-0.00402511
-0.00410741
-0.00419
-0.00427299
-0.00435647
-0.00444056
-0.00452534
-0.0046109
-0.00469734
-0.00478474
-0.00487318
-0.00496273
-0.00505348
-0.00514548
-0.0052388
-0.00533352
-0.00542968
-0.00552735
-0.00562659
-0.00572744
-0.00582998
-0.00593423
-0.00604027
-0.00614813
-0.00625786
-0.00636951
-0.00648313
-0.00659877
-0.00671646
-0.00683626
-0.00695821
-0.00708236
-0.00720874
-0.00733741
-0.00746841
-0.0076018
-0.00773759
-0.00787589
-0.00801665
-0.00816009
-0.00830593
-0.00845484
-0.00860578
-0.00876062
-0.00891653
-0.00907794
-0.00923871
-0.00940694
-0.00957347
-0.00974688
-0.00992233
-0.0100964
-0.0102828
-0.0104539
-0.0106375
-0.0108048
-0.010945
-0.0110718
-0.000814164
-0.000864286
-0.000915362
-0.000967435
-0.00102077
-0.00107575
-0.00113273
-0.00119199
-0.00125364
-0.00131765
-0.0013839
-0.00145223
-0.00152251
-0.00159466
-0.00166863
-0.0017444
-0.00182189
-0.00190101
-0.0019816
-0.0020635
-0.00214654
-0.00223056
-0.00231541
-0.00240093
-0.00248695
-0.0025733
-0.00265985
-0.00274644
-0.00283297
-0.00291931
-0.0030054
-0.00309116
-0.00317655
-0.00326155
-0.00334616
-0.00343038
-0.00351425
-0.00359781
-0.00368114
-0.00376428
-0.00384733
-0.00393036
-0.00401347
-0.00409675
-0.00418029
-0.00426419
-0.00434855
-0.00443345
-0.00451899
-0.00460526
-0.00469235
-0.00478034
-0.00486932
-0.00495936
-0.00505053
-0.00514292
-0.0052366
-0.00533161
-0.00542805
-0.00552596
-0.0056254
-0.00572644
-0.00582912
-0.00593352
-0.00603966
-0.00614762
-0.00625744
-0.00636917
-0.00648285
-0.00659853
-0.00671627
-0.00683611
-0.00695809
-0.00708225
-0.00720866
-0.00733735
-0.00746836
-0.00760176
-0.00773756
-0.00787587
-0.00801663
-0.00816009
-0.00830593
-0.00845484
-0.00860579
-0.00876065
-0.00891656
-0.00907799
-0.00923878
-0.00940703
-0.00957359
-0.00974702
-0.00992251
-0.0100966
-0.0102831
-0.0104542
-0.0106379
-0.0108051
-0.0109454
-0.0110723
-0.000845265
-0.000902285
-0.000958358
-0.00101245
-0.00106511
-0.00111768
-0.00117157
-0.00122781
-0.00128687
-0.00134875
-0.00141318
-0.00147976
-0.00154818
-0.00161825
-0.00168993
-0.00176325
-0.00183825
-0.00191489
-0.00199307
-0.00207261
-0.00215331
-0.00223501
-0.0023176
-0.00240098
-0.00248502
-0.00256955
-0.00265444
-0.00273956
-0.0028248
-0.00291008
-0.00299531
-0.00308041
-0.00316534
-0.00325005
-0.00333455
-0.00341881
-0.00350286
-0.00358673
-0.00367044
-0.00375406
-0.00383764
-0.00392125
-0.00400496
-0.00408886
-0.00417302
-0.00425753
-0.00434248
-0.00442796
-0.00451404
-0.00460083
-0.0046884
-0.00477684
-0.00486622
-0.00495664
-0.00504815
-0.00514085
-0.0052348
-0.00533006
-0.00542671
-0.00552481
-0.00562442
-0.0057256
-0.00582842
-0.00593292
-0.00603917
-0.00614721
-0.00625709
-0.00636888
-0.00648261
-0.00659834
-0.00671611
-0.00683598
-0.00695798
-0.00708217
-0.00720859
-0.00733729
-0.00746832
-0.00760173
-0.00773754
-0.00787585
-0.00801662
-0.00816008
-0.00830593
-0.00845485
-0.0086058
-0.00876066
-0.00891659
-0.00907803
-0.00923882
-0.00940709
-0.00957366
-0.00974711
-0.00992262
-0.0100967
-0.0102832
-0.0104544
-0.0106381
-0.0108054
-0.0109458
-0.0110727
-0.000852782
-0.00091704
-0.000979006
-0.0010363
-0.00108972
-0.00114148
-0.00119388
-0.00124861
-0.00130644
-0.00136742
-0.00143118
-0.00149719
-0.00156499
-0.00163434
-0.00170517
-0.00177753
-0.00185151
-0.00192711
-0.00200425
-0.00208275
-0.00216241
-0.00224304
-0.00232455
-0.00240685
-0.00248984
-0.00257338
-0.00265731
-0.00274152
-0.00282592
-0.00291043
-0.00299496
-0.00307945
-0.00316385
-0.00324812
-0.00333225
-0.00341623
-0.00350007
-0.0035838
-0.00366743
-0.00375103
-0.00383463
-0.00391831
-0.00400212
-0.00408614
-0.00417045
-0.00425513
-0.00434025
-0.0044259
-0.00451216
-0.00459912
-0.00468686
-0.00477546
-0.004865
-0.00495556
-0.00504721
-0.00514002
-0.00523408
-0.00532944
-0.00542618
-0.00552435
-0.00562403
-0.00572528
-0.00582814
-0.00593269
-0.00603897
-0.00614705
-0.00625696
-0.00636877
-0.00648252
-0.00659827
-0.00671605
-0.00683593
-0.00695794
-0.00708214
-0.00720857
-0.00733728
-0.00746831
-0.00760172
-0.00773753
-0.00787585
-0.00801662
-0.00816008
-0.00830593
-0.00845485
-0.00860581
-0.00876067
-0.0089166
-0.00907804
-0.00923884
-0.00940711
-0.00957369
-0.00974715
-0.00992267
-0.0100968
-0.0102833
-0.0104545
-0.0106382
-0.0108055
-0.0109459
-0.011073
)
;

boundaryField
{
    zeroGradientPlanes
    {
        type            zeroGradient;
    }
    inlet
    {
        type            zeroGradient;
    }
    plate
    {
        type            zeroGradient;
    }
    frontAndBack
    {
        type            empty;
    }
}


// ************************************************************************* //
