/*--------------------------------*- C++ -*----------------------------------*\
  =========                 |
  \\      /  F ield         | OpenFOAM: The Open Source CFD Toolbox
   \\    /   O peration     | Website:  https://openfoam.org
    \\  /    A nd           | Version:  6
     \\/     M anipulation  |
\*---------------------------------------------------------------------------*/
FoamFile
{
    version     2.0;
    format      ascii;
    class       volScalarField;
    location    "0.7";
    object      p;
}
// * * * * * * * * * * * * * * * * * * * * * * * * * * * * * * * * * * * * * //

dimensions      [0 2 -2 0 0 0 0];

internalField   nonuniform List<scalar> 
4800
(
-3.70994e-09
-1.80381e-05
-0.000271156
-0.000665914
-0.00113528
-0.00181012
-0.00297747
-0.00458251
-0.00664641
-0.00909
-0.0117002
-0.0141979
-0.0164455
-0.0184076
-0.0202091
-0.0219289
-0.0234446
-0.0244821
-0.0249563
-0.0247216
-2.42336e-06
-1.72543e-05
-0.000270298
-0.000664266
-0.00113434
-0.00181029
-0.0029785
-0.00457948
-0.00664195
-0.00908658
-0.0116998
-0.0142011
-0.0164485
-0.0184119
-0.0202155
-0.0219358
-0.0234467
-0.0244921
-0.0249723
-0.0247887
-1.48568e-05
-1.4273e-05
-0.000267911
-0.000657505
-0.00113192
-0.00181175
-0.00298249
-0.00456749
-0.00662478
-0.0090733
-0.0116982
-0.0142126
-0.016464
-0.0184301
-0.0202332
-0.0219492
-0.0234517
-0.0245117
-0.0250042
-0.0249511
-3.27397e-05
-1.20986e-05
-0.000264648
-0.000645916
-0.00112666
-0.00181784
-0.00298807
-0.00454531
-0.00659093
-0.00904699
-0.0116922
-0.0142325
-0.0164949
-0.0184662
-0.0202654
-0.0219691
-0.0234709
-0.0245558
-0.0250741
-0.0251606
-4.14219e-05
-1.3512e-05
-0.000262781
-0.000631525
-0.00111802
-0.00183048
-0.00299207
-0.00451633
-0.00654333
-0.00900762
-0.0116788
-0.0142531
-0.0165374
-0.0185188
-0.0203123
-0.022005
-0.0235217
-0.0246417
-0.0252281
-0.0253463
-3.62884e-05
-1.51031e-05
-0.000264263
-0.000614751
-0.0011052
-0.00184607
-0.00299004
-0.00448267
-0.00648942
-0.00895904
-0.0116534
-0.0142634
-0.0165804
-0.0185797
-0.0203783
-0.0220738
-0.0236248
-0.0247796
-0.02538
-0.025461
-3.31965e-05
-1.51021e-05
-0.000265528
-0.00059616
-0.00108487
-0.00185887
-0.00297471
-0.00444512
-0.00643551
-0.00890326
-0.0116104
-0.0142551
-0.0166086
-0.0186419
-0.020473
-0.0221921
-0.0237968
-0.0249675
-0.0255085
-0.0254835
-4.90292e-05
-2.22824e-05
-0.000258818
-0.000578976
-0.00105625
-0.00186291
-0.00294043
-0.00440376
-0.00638161
-0.00883896
-0.011548
-0.0142201
-0.0166146
-0.0187069
-0.0206024
-0.0223799
-0.0240532
-0.0252001
-0.0256311
-0.0254529
-6.92646e-05
-4.85882e-05
-0.000243252
-0.000563425
-0.00102672
-0.00185296
-0.00289063
-0.00435465
-0.00632393
-0.00876375
-0.0114655
-0.0141533
-0.0166049
-0.0187797
-0.0207654
-0.0226394
-0.0243548
-0.025477
-0.0257989
-0.0254938
-5.36419e-05
-9.29775e-05
-0.000227652
-0.000542818
-0.00100938
-0.00182669
-0.00283356
-0.00429136
-0.006256
-0.00867289
-0.0113632
-0.0140628
-0.0165907
-0.0188662
-0.0209375
-0.0229136
-0.0246575
-0.0258019
-0.0260849
-0.0255468
5.72631e-06
-0.000138437
-0.000218329
-0.000513019
-0.0010068
-0.00178425
-0.00277351
-0.00421137
-0.00616898
-0.0085608
-0.0112444
-0.0139656
-0.0165848
-0.0189553
-0.0210905
-0.0231369
-0.0249141
-0.0261647
-0.0265583
-0.0256642
3.32531e-05
-0.000159498
-0.000210979
-0.000475347
-0.00100107
-0.00173053
-0.00270712
-0.00411676
-0.00605274
-0.00842445
-0.0111078
-0.0138773
-0.0165864
-0.0190077
-0.0211856
-0.0232494
-0.0250829
-0.026528
-0.0271448
-0.0262243
-3.50411e-05
-0.000142112
-0.000199006
-0.000436173
-0.000976094
-0.00167112
-0.00262734
-0.00400673
-0.00590258
-0.00826537
-0.0109568
-0.0137959
-0.0165515
-0.0189943
-0.0211973
-0.023227
-0.0251382
-0.0268728
-0.027576
-0.0272968
-0.00012259
-9.63877e-05
-0.000186636
-0.000404588
-0.000935348
-0.00160191
-0.00253352
-0.00388035
-0.00573298
-0.00808853
-0.0107962
-0.0136892
-0.0164486
-0.0188952
-0.0211191
-0.0231178
-0.025095
-0.0273149
-0.0284221
-0.0290649
-0.000143849
-5.85123e-05
-0.00017968
-0.000389685
-0.000885578
-0.0015182
-0.00242903
-0.00374242
-0.00555824
-0.00788967
-0.010611
-0.0135168
-0.0162681
-0.0187107
-0.0209652
-0.0230239
-0.025126
-0.0278457
-0.0299388
-0.0312556
-0.000122812
-5.68142e-05
-0.000174198
-0.000387731
-0.000824473
-0.00142266
-0.00230973
-0.00359335
-0.0053727
-0.0076634
-0.0103775
-0.013265
-0.0160025
-0.018457
-0.0207717
-0.0230356
-0.0256292
-0.0289628
-0.0318574
-0.0335727
-9.8908e-05
-8.60756e-05
-0.000161564
-0.00038088
-0.000750622
-0.00131872
-0.00217183
-0.00342991
-0.00517255
-0.0074142
-0.0100791
-0.0129185
-0.0156477
-0.0181735
-0.0206107
-0.0232049
-0.0266555
-0.0306109
-0.0339714
-0.0358404
-9.2015e-05
-0.000116397
-0.00014053
-0.000352693
-0.000672009
-0.00121188
-0.00202522
-0.00326057
-0.00496103
-0.00713317
-0.00970222
-0.0124846
-0.0152386
-0.0179044
-0.0205706
-0.0236168
-0.028028
-0.0325291
-0.0360863
-0.0379001
-0.000111397
-0.000121395
-0.000117584
-0.000304066
-0.000603201
-0.00111262
-0.00188971
-0.00309371
-0.00472933
-0.00680159
-0.00926402
-0.0120135
-0.0148301
-0.0176614
-0.0206935
-0.0245211
-0.0296403
-0.0344627
-0.0380117
-0.0396269
-0.000131259
-9.6939e-05
-0.000100499
-0.00025602
-0.000557596
-0.00102916
-0.00177486
-0.00292113
-0.00446938
-0.00643297
-0.00881875
-0.0115439
-0.0144367
-0.0174606
-0.0209737
-0.0258487
-0.0313824
-0.0362543
-0.039628
-0.0409603
-0.000114459
-6.28377e-05
-9.25762e-05
-0.000237614
-0.000533871
-0.000961051
-0.00166777
-0.00273423
-0.00419341
-0.00607541
-0.00841085
-0.0110975
-0.0140696
-0.0173884
-0.0215302
-0.0272441
-0.0330163
-0.0377551
-0.0408466
-0.0418683
-6.75742e-05
-4.07427e-05
-9.44977e-05
-0.000254772
-0.000514052
-0.000900169
-0.00155199
-0.00254377
-0.00393383
-0.00577722
-0.00808035
-0.0107525
-0.0138194
-0.0175515
-0.0225425
-0.0285485
-0.0342791
-0.0387731
-0.0415656
-0.0423243
-2.85359e-05
-3.03143e-05
-0.000106743
-0.00027848
-0.000485081
-0.000839164
-0.00144005
-0.00238149
-0.00374146
-0.00558791
-0.00789708
-0.010615
-0.0138276
-0.0180198
-0.0236179
-0.0295754
-0.0350129
-0.0391915
-0.0417248
-0.042311
-5.56096e-06
-2.0543e-05
-0.000125197
-0.000283459
-0.000454923
-0.000786834
-0.0013698
-0.00229482
-0.00367608
-0.00556099
-0.00790964
-0.0107181
-0.0141721
-0.0188236
-0.0244999
-0.0301878
-0.0351942
-0.0390124
-0.0413147
-0.041798
1.76432e-05
-1.09721e-05
-0.000140615
-0.000275158
-0.000443064
-0.000774422
-0.00137623
-0.00233229
-0.00376887
-0.00569973
-0.00809389
-0.0110402
-0.014825
-0.0196994
-0.0251278
-0.0303792
-0.0348847
-0.038318
-0.0404042
-0.0408306
3.72949e-05
-6.29535e-06
-0.000146058
-0.000267753
-0.00046565
-0.000842177
-0.00149608
-0.00251621
-0.00399138
-0.00593717
-0.00838927
-0.011531
-0.0156187
-0.0204546
-0.0254815
-0.0302104
-0.0342297
-0.0373258
-0.0392558
-0.0396813
3.87477e-05
-4.37453e-06
-0.000139401
-0.000276454
-0.000541655
-0.00101924
-0.00175764
-0.00282435
-0.00428279
-0.00620581
-0.00872897
-0.0120569
-0.0162606
-0.0209112
-0.0255238
-0.0297911
-0.0334685
-0.0363813
-0.0382747
-0.0387657
2.10534e-05
-2.96173e-06
-0.000127869
-0.00032841
-0.000700873
-0.00130479
-0.00212571
-0.00319871
-0.00461521
-0.00651231
-0.00906868
-0.0124471
-0.016533
-0.0208906
-0.0251617
-0.0291616
-0.0327473
-0.0357221
-0.0377621
-0.0384222
-5.14266e-06
-1.82657e-05
-0.000138316
-0.000437559
-0.000950697
-0.00166173
-0.00251935
-0.0036078
-0.00504308
-0.00694381
-0.00943443
-0.0126114
-0.0162986
-0.0202029
-0.024174
-0.0281309
-0.031935
-0.0352995
-0.0377667
-0.0387927
-2.48928e-05
-7.43197e-05
-0.000210638
-0.000599528
-0.00124124
-0.00202807
-0.00292598
-0.00412353
-0.00567277
-0.00758068
-0.00986568
-0.01254
-0.0155026
-0.0187272
-0.0223384
-0.0263959
-0.0306966
-0.0347716
-0.0379732
-0.0396176
-2.70856e-05
-0.000164911
-0.000359658
-0.000828074
-0.00152629
-0.00237123
-0.00342314
-0.00483674
-0.00652742
-0.00838982
-0.0103411
-0.0123177
-0.0143634
-0.0167267
-0.0197909
-0.0238181
-0.0285842
-0.0334091
-0.037451
-0.0398916
-1.95e-05
-0.000255924
-0.000558804
-0.0011318
-0.00183975
-0.0027428
-0.00403921
-0.00567012
-0.00746256
-0.00924905
-0.0108848
-0.0122755
-0.0135717
-0.0150938
-0.0172867
-0.0206371
-0.0251712
-0.0301713
-0.0346885
-0.037842
-3.55039e-05
-0.000332769
-0.000789667
-0.00145606
-0.00220641
-0.00321182
-0.00468768
-0.00642686
-0.00828714
-0.0100816
-0.0116682
-0.012948
-0.0140133
-0.0150004
-0.0161446
-0.0178873
-0.0207649
-0.024584
-0.0285609
-0.0319506
-0.000125514
-0.000422447
-0.00103339
-0.00172457
-0.00257496
-0.00374396
-0.00525353
-0.00699655
-0.00892816
-0.0109185
-0.0128858
-0.0146663
-0.0160597
-0.0168888
-0.0172082
-0.0173486
-0.0177305
-0.0187134
-0.0205153
-0.023028
-0.000330015
-0.000564201
-0.00120858
-0.00192795
-0.00292469
-0.00420504
-0.00566948
-0.00741495
-0.00948218
-0.0118545
-0.0144772
-0.017088
-0.0191723
-0.0202043
-0.0199964
-0.018782
-0.017115
-0.0157057
-0.0152275
-0.0161804
-0.000621839
-0.000759871
-0.00127635
-0.00210381
-0.0032269
-0.00448268
-0.00596696
-0.00784834
-0.0101658
-0.0129174
-0.0159952
-0.019163
-0.0219517
-0.0237485
-0.0240213
-0.0227144
-0.0203114
-0.0176964
-0.0158027
-0.0154339
-0.000902483
-0.00094678
-0.00135341
-0.00227149
-0.00337589
-0.00459853
-0.00625365
-0.00841494
-0.0109946
-0.0139059
-0.0170696
-0.0203548
-0.0234839
-0.0261724
-0.028074
-0.0286461
-0.0275717
-0.0256465
-0.0238007
-0.022631
-0.00107317
-0.0010575
-0.00151583
-0.00240372
-0.00337279
-0.00470042
-0.0065731
-0.00892028
-0.0115555
-0.0144964
-0.0178387
-0.0214706
-0.0250756
-0.0283209
-0.0309616
-0.0329273
-0.034361
-0.0353859
-0.0358079
-0.0350808
-0.00106803
-0.00111745
-0.00166176
-0.00243672
-0.00335377
-0.00485484
-0.00681817
-0.00906303
-0.0115582
-0.0146683
-0.0185347
-0.0229025
-0.0273974
-0.0317387
-0.0357721
-0.0393016
-0.0420202
-0.0436368
-0.0440214
-0.0429949
-0.00099576
-0.00115647
-0.0017119
-0.00241132
-0.00337869
-0.00496092
-0.00689158
-0.0089494
-0.0113592
-0.0146652
-0.0189525
-0.0239158
-0.0293187
-0.0352239
-0.0416164
-0.0477957
-0.0526353
-0.0551034
-0.0544221
-0.0502054
-0.0235908
-0.0218151
-0.0201278
-0.0189833
-0.0184578
-0.018433
-0.018677
-0.0190035
-0.0192985
-0.0195168
-0.0197106
-0.0199436
-0.0202721
-0.0206699
-0.0211249
-0.0215863
-0.0220384
-0.0224644
-0.0228471
-0.0232589
-0.0237173
-0.0242678
-0.0248814
-0.0255715
-0.026286
-0.0269432
-0.027524
-0.02789
-0.0280608
-0.0279394
-0.027579
-0.0271725
-0.0266579
-0.0262538
-0.0259157
-0.0255311
-0.0253032
-0.025052
-0.0248448
-0.0247761
-0.0246299
-0.0245623
-0.0245408
-0.0244422
-0.0243989
-0.0243274
-0.0242505
-0.0242678
-0.0242231
-0.0241062
-0.0240621
-0.0240387
-0.0239526
-0.0238891
-0.0238348
-0.0237442
-0.0237223
-0.0236722
-0.0235125
-0.0234704
-0.0234938
-0.0233574
-0.0232164
-0.0231912
-0.0231401
-0.0230186
-0.0228888
-0.0227991
-0.0227318
-0.0226207
-0.0224834
-0.0223725
-0.0222601
-0.0221345
-0.0220088
-0.0218688
-0.0217285
-0.0216024
-0.0214585
-0.0212989
-0.0211505
-0.0210029
-0.0208379
-0.0206726
-0.020511
-0.020343
-0.0201663
-0.0199907
-0.0198098
-0.0196264
-0.0194358
-0.0192445
-0.0190475
-0.0188477
-0.0186442
-0.0184406
-0.0182372
-0.0180427
-0.0178738
-0.0177287
-0.0237754
-0.0220372
-0.0203147
-0.0191313
-0.0185683
-0.0185115
-0.0187321
-0.0190452
-0.0193313
-0.0195478
-0.0197441
-0.019977
-0.0203073
-0.0207071
-0.0211613
-0.0216183
-0.022069
-0.0224924
-0.0228728
-0.0232832
-0.0237342
-0.0242796
-0.0248861
-0.0255684
-0.0262722
-0.0269142
-0.0274859
-0.0278464
-0.0280181
-0.0279038
-0.0275533
-0.0271573
-0.0266457
-0.0262446
-0.0259099
-0.0255257
-0.0253004
-0.0250496
-0.0248422
-0.0247756
-0.0246283
-0.0245603
-0.024539
-0.0244397
-0.0243977
-0.0243262
-0.024248
-0.0242663
-0.0242216
-0.0241042
-0.0240608
-0.024037
-0.0239507
-0.0238881
-0.0238336
-0.0237423
-0.0237213
-0.0236715
-0.0235111
-0.0234694
-0.0234933
-0.0233564
-0.0232155
-0.0231907
-0.0231396
-0.023018
-0.0228883
-0.0227987
-0.0227315
-0.0226204
-0.022483
-0.0223723
-0.0222599
-0.0221343
-0.0220087
-0.0218686
-0.0217284
-0.0216023
-0.0214584
-0.0212988
-0.0211504
-0.0210028
-0.0208379
-0.0206725
-0.020511
-0.020343
-0.0201663
-0.0199907
-0.0198098
-0.0196264
-0.0194358
-0.0192445
-0.0190475
-0.0188477
-0.0186441
-0.0184406
-0.0182372
-0.0180426
-0.0178738
-0.0177285
-0.0240332
-0.0223349
-0.0205734
-0.0193374
-0.0187183
-0.0186066
-0.0187868
-0.0190772
-0.0193506
-0.0195657
-0.0197687
-0.0200079
-0.020344
-0.0207505
-0.0212061
-0.0216601
-0.0221084
-0.0225285
-0.0229068
-0.0233141
-0.0237567
-0.0242921
-0.0248883
-0.0255553
-0.0262384
-0.0268546
-0.0274058
-0.027758
-0.0279288
-0.0278274
-0.0274969
-0.0271185
-0.0266213
-0.0262256
-0.0258952
-0.0255168
-0.025294
-0.0250459
-0.0248396
-0.0247733
-0.0246287
-0.0245601
-0.024536
-0.0244365
-0.0243958
-0.0243257
-0.024247
-0.0242631
-0.0242187
-0.0241024
-0.0240588
-0.0240347
-0.0239478
-0.0238854
-0.0238323
-0.0237403
-0.0237181
-0.0236695
-0.02351
-0.0234676
-0.0234913
-0.0233546
-0.0232138
-0.0231893
-0.0231383
-0.0230166
-0.022887
-0.0227976
-0.0227306
-0.0226193
-0.0224821
-0.0223716
-0.0222593
-0.0221337
-0.0220082
-0.0218682
-0.021728
-0.021602
-0.0214581
-0.0212985
-0.0211502
-0.0210026
-0.0208377
-0.0206724
-0.0205109
-0.0203429
-0.0201662
-0.0199906
-0.0198098
-0.0196264
-0.0194357
-0.0192445
-0.0190474
-0.0188477
-0.0186441
-0.0184405
-0.0182372
-0.0180424
-0.0178735
-0.0177284
-0.0242868
-0.0226373
-0.0208605
-0.0195801
-0.0188981
-0.0187134
-0.0188352
-0.0190903
-0.0193461
-0.0195574
-0.0197706
-0.0200232
-0.020372
-0.0207895
-0.0212498
-0.021705
-0.0221491
-0.0225654
-0.0229405
-0.0233453
-0.0237773
-0.0242988
-0.024882
-0.0255263
-0.026184
-0.0267662
-0.0272939
-0.0276361
-0.0278017
-0.0277227
-0.0274168
-0.0270618
-0.0265925
-0.0262006
-0.025875
-0.0255057
-0.0252819
-0.0250436
-0.024839
-0.0247676
-0.0246303
-0.0245596
-0.0245315
-0.0244333
-0.0243906
-0.0243261
-0.0242477
-0.0242564
-0.0242145
-0.0241001
-0.024055
-0.0240328
-0.0239431
-0.0238794
-0.0238317
-0.0237384
-0.0237112
-0.0236659
-0.0235095
-0.0234641
-0.023487
-0.0233522
-0.023211
-0.0231861
-0.0231358
-0.0230138
-0.0228842
-0.0227958
-0.0227286
-0.0226169
-0.02248
-0.0223701
-0.0222577
-0.022132
-0.0220068
-0.0218671
-0.0217269
-0.0216009
-0.0214572
-0.0212977
-0.0211495
-0.021002
-0.0208371
-0.0206719
-0.0205104
-0.0203425
-0.0201659
-0.0199903
-0.0198096
-0.0196262
-0.0194356
-0.0192443
-0.0190474
-0.0188475
-0.0186442
-0.0184403
-0.0182372
-0.0180419
-0.0178729
-0.0177282
-0.0244923
-0.0229174
-0.0211683
-0.0198634
-0.0191161
-0.0188438
-0.0188865
-0.01909
-0.0193202
-0.0195263
-0.0197523
-0.0200255
-0.0203959
-0.0208284
-0.0212972
-0.0217571
-0.0221951
-0.0226036
-0.0229746
-0.0233751
-0.0237945
-0.0242995
-0.0248659
-0.0254853
-0.0261114
-0.026658
-0.0271647
-0.0274945
-0.0276561
-0.0276037
-0.0273246
-0.0269986
-0.0265642
-0.0261775
-0.0258576
-0.0254962
-0.0252682
-0.0250433
-0.0248407
-0.024763
-0.024635
-0.0245591
-0.0245259
-0.0244299
-0.0243852
-0.0243278
-0.024249
-0.0242482
-0.0242088
-0.0240969
-0.0240511
-0.0240303
-0.0239369
-0.0238717
-0.0238307
-0.0237364
-0.0237015
-0.0236602
-0.0235098
-0.0234595
-0.0234802
-0.0233492
-0.0232075
-0.0231811
-0.023132
-0.0230098
-0.0228799
-0.0227928
-0.0227256
-0.022613
-0.0224767
-0.0223676
-0.0222551
-0.0221293
-0.0220044
-0.0218652
-0.0217251
-0.021599
-0.0214555
-0.0212964
-0.0211482
-0.0210008
-0.0208361
-0.0206711
-0.0205096
-0.0203418
-0.0201653
-0.0199898
-0.0198091
-0.0196258
-0.0194353
-0.019244
-0.0190472
-0.0188472
-0.0186441
-0.0184399
-0.0182371
-0.0180412
-0.0178717
-0.0177282
-0.0246425
-0.0231709
-0.0214994
-0.0201926
-0.019381
-0.0190107
-0.0189562
-0.019089
-0.0192845
-0.0194864
-0.0197266
-0.0200247
-0.020422
-0.0208734
-0.0213524
-0.0218191
-0.0222484
-0.0226457
-0.0230111
-0.0234028
-0.0238106
-0.0242964
-0.024845
-0.025438
-0.0260256
-0.0265387
-0.0270252
-0.0273444
-0.0275056
-0.0274795
-0.02723
-0.0269342
-0.0265365
-0.0261581
-0.0258443
-0.0254914
-0.0252575
-0.0250427
-0.024843
-0.0247602
-0.0246427
-0.0245607
-0.0245176
-0.0244247
-0.0243814
-0.0243304
-0.0242503
-0.0242392
-0.0242014
-0.0240942
-0.0240472
-0.0240264
-0.0239301
-0.0238631
-0.0238291
-0.0237345
-0.0236899
-0.0236529
-0.0235109
-0.023454
-0.0234713
-0.0233459
-0.0232032
-0.0231745
-0.0231276
-0.0230053
-0.0228745
-0.022789
-0.022722
-0.0226082
-0.0224725
-0.0223646
-0.0222519
-0.0221257
-0.0220014
-0.0218628
-0.0217227
-0.0215965
-0.0214532
-0.0212945
-0.0211465
-0.0209992
-0.0208347
-0.0206698
-0.0205085
-0.0203407
-0.0201643
-0.0199889
-0.0198084
-0.0196251
-0.0194348
-0.0192435
-0.019047
-0.0188467
-0.0186441
-0.0184393
-0.018237
-0.0180404
-0.0178702
-0.0177282
-0.0247184
-0.0233955
-0.0218492
-0.0205665
-0.0196969
-0.0192237
-0.0190575
-0.0190992
-0.0192493
-0.0194472
-0.0197024
-0.0200257
-0.0204518
-0.0209253
-0.0214171
-0.0218906
-0.0223104
-0.0226966
-0.0230528
-0.0234316
-0.0238262
-0.0242923
-0.0248222
-0.0253849
-0.0259333
-0.0264126
-0.0268789
-0.0271919
-0.027353
-0.0273547
-0.0271378
-0.0268705
-0.0265104
-0.0261391
-0.0258298
-0.0254908
-0.0252499
-0.0250432
-0.0248474
-0.0247549
-0.0246491
-0.0245643
-0.0245077
-0.024418
-0.0243772
-0.0243328
-0.0242529
-0.0242288
-0.0241924
-0.0240926
-0.0240426
-0.0240206
-0.0239232
-0.023854
-0.0238269
-0.0237326
-0.0236769
-0.0236447
-0.0235128
-0.023448
-0.023461
-0.0233422
-0.0231986
-0.0231671
-0.023123
-0.0230003
-0.0228682
-0.0227849
-0.0227182
-0.0226028
-0.0224678
-0.0223612
-0.0222483
-0.0221217
-0.0219979
-0.0218601
-0.02172
-0.0215936
-0.0214507
-0.0212924
-0.0211445
-0.0209973
-0.0208331
-0.0206684
-0.0205071
-0.0203394
-0.0201633
-0.0199879
-0.0198075
-0.0196243
-0.0194343
-0.0192428
-0.0190467
-0.0188461
-0.0186439
-0.0184386
-0.0182366
-0.0180394
-0.0178684
-0.0177281
-0.0247138
-0.0235858
-0.0222055
-0.0209783
-0.0200612
-0.0194812
-0.019188
-0.0191195
-0.019212
-0.0194054
-0.0196778
-0.0200289
-0.0204851
-0.0209844
-0.0214922
-0.0219687
-0.0223818
-0.0227569
-0.0231001
-0.023462
-0.0238372
-0.0242841
-0.0247918
-0.0253215
-0.0258368
-0.0262847
-0.0267319
-0.0270395
-0.0271974
-0.0272272
-0.0270453
-0.0268072
-0.0264867
-0.0261187
-0.0258101
-0.0254882
-0.025241
-0.0250457
-0.0248558
-0.0247468
-0.0246503
-0.0245646
-0.0244975
-0.024413
-0.0243709
-0.024333
-0.0242566
-0.0242172
-0.0241817
-0.0240913
-0.0240369
-0.0240133
-0.0239167
-0.0238443
-0.0238238
-0.023731
-0.0236626
-0.0236349
-0.0235157
-0.0234423
-0.0234489
-0.0233381
-0.0231944
-0.0231592
-0.0231178
-0.022995
-0.0228614
-0.0227804
-0.0227142
-0.022597
-0.0224626
-0.0223576
-0.0222445
-0.0221174
-0.0219942
-0.0218571
-0.021717
-0.0215904
-0.0214479
-0.02129
-0.0211422
-0.0209951
-0.0208312
-0.0206667
-0.0205055
-0.020338
-0.0201621
-0.0199868
-0.0198066
-0.0196233
-0.0194336
-0.019242
-0.0190463
-0.0188455
-0.0186437
-0.0184379
-0.0182361
-0.0180384
-0.0178664
-0.0177277
-0.024775
-0.0237571
-0.0225686
-0.0214247
-0.0204643
-0.0197639
-0.0193272
-0.0191355
-0.0191649
-0.0193549
-0.0196517
-0.0200383
-0.0205256
-0.0210536
-0.021575
-0.0220483
-0.0224564
-0.022821
-0.0231501
-0.0234924
-0.0238434
-0.0242665
-0.0247493
-0.0252447
-0.0257335
-0.0261617
-0.0265889
-0.0268882
-0.0270403
-0.0270915
-0.0269455
-0.0267384
-0.0264597
-0.0260988
-0.0257883
-0.0254805
-0.0252279
-0.0250453
-0.0248633
-0.0247398
-0.0246497
-0.0245588
-0.0244837
-0.0244093
-0.0243642
-0.0243297
-0.0242586
-0.0242055
-0.0241696
-0.0240888
-0.0240298
-0.024005
-0.0239103
-0.0238329
-0.0238189
-0.0237304
-0.0236473
-0.0236226
-0.0235194
-0.0234368
-0.0234345
-0.0233335
-0.0231906
-0.0231503
-0.0231119
-0.0229896
-0.022854
-0.0227754
-0.02271
-0.0225907
-0.0224569
-0.0223536
-0.0222404
-0.0221126
-0.0219901
-0.0218538
-0.0217138
-0.021587
-0.0214448
-0.0212875
-0.0211398
-0.0209928
-0.0208293
-0.0206649
-0.0205039
-0.0203365
-0.0201608
-0.0199855
-0.0198056
-0.0196223
-0.019433
-0.0192412
-0.0190459
-0.0188448
-0.0186435
-0.0184372
-0.0182355
-0.0180374
-0.0178642
-0.0177272
-0.0248496
-0.0239587
-0.0229766
-0.0219119
-0.0208873
-0.0200404
-0.0194461
-0.0191323
-0.0191047
-0.0192967
-0.0196305
-0.0200613
-0.0205809
-0.0211352
-0.021663
-0.0221278
-0.0225284
-0.0228867
-0.0232033
-0.0235258
-0.0238511
-0.0242417
-0.0246976
-0.0251563
-0.0256214
-0.0260433
-0.0264496
-0.0267403
-0.0268876
-0.0269513
-0.0268389
-0.0266579
-0.02642
-0.0260787
-0.0257699
-0.0254745
-0.0252149
-0.0250367
-0.0248625
-0.0247332
-0.0246534
-0.0245537
-0.0244639
-0.0244014
-0.0243597
-0.0243264
-0.024259
-0.0241945
-0.0241573
-0.0240854
-0.0240219
-0.0239959
-0.0239044
-0.0238203
-0.0238124
-0.023731
-0.0236319
-0.0236086
-0.0235233
-0.0234312
-0.023419
-0.0233289
-0.0231867
-0.0231402
-0.0231056
-0.0229843
-0.0228459
-0.0227698
-0.0227057
-0.022584
-0.0224506
-0.0223493
-0.0222359
-0.0221075
-0.0219856
-0.0218504
-0.0217103
-0.0215833
-0.0214415
-0.0212847
-0.0211372
-0.0209903
-0.0208272
-0.020663
-0.0205022
-0.0203348
-0.0201595
-0.0199842
-0.0198046
-0.0196211
-0.0194323
-0.0192403
-0.0190455
-0.018844
-0.0186431
-0.0184365
-0.0182345
-0.0180364
-0.0178618
-0.0177264
-0.0249302
-0.0243041
-0.0234908
-0.0224345
-0.0212909
-0.020267
-0.0195122
-0.0190938
-0.0190251
-0.0192298
-0.0196133
-0.020098
-0.0206529
-0.0212278
-0.0217574
-0.0222113
-0.0226006
-0.0229538
-0.0232607
-0.0235622
-0.0238606
-0.0242154
-0.0246405
-0.0250618
-0.0255036
-0.0259223
-0.02631
-0.0265949
-0.0267421
-0.0268166
-0.0267325
-0.0265681
-0.0263637
-0.0260476
-0.0257504
-0.0254752
-0.0252065
-0.0250226
-0.0248541
-0.0247219
-0.0246581
-0.0245546
-0.024443
-0.0243883
-0.0243555
-0.0243247
-0.02426
-0.0241828
-0.0241431
-0.0240833
-0.0240151
-0.0239847
-0.0238987
-0.0238091
-0.0238048
-0.0237317
-0.0236173
-0.0235933
-0.0235266
-0.0234258
-0.0234031
-0.0233243
-0.0231823
-0.0231292
-0.0230995
-0.022979
-0.022837
-0.0227637
-0.0227013
-0.022577
-0.0224438
-0.0223449
-0.0222314
-0.0221021
-0.0219809
-0.0218467
-0.0217067
-0.0215794
-0.0214381
-0.0212818
-0.0211345
-0.0209877
-0.020825
-0.020661
-0.0205003
-0.020333
-0.0201581
-0.0199827
-0.0198035
-0.0196199
-0.0194315
-0.0192393
-0.019045
-0.0188432
-0.0186427
-0.0184358
-0.0182334
-0.0180355
-0.0178593
-0.0177253
-0.0255752
-0.0249937
-0.0241541
-0.0229591
-0.0216157
-0.0203919
-0.0194912
-0.0189966
-0.0189102
-0.0191429
-0.0195893
-0.0201416
-0.0207383
-0.0213325
-0.0218619
-0.0223071
-0.0226802
-0.0230226
-0.0233205
-0.0235937
-0.0238651
-0.0241874
-0.0245785
-0.0249689
-0.0253883
-0.0257998
-0.0261692
-0.0264479
-0.0265982
-0.0266849
-0.0266275
-0.0264768
-0.0262973
-0.0260002
-0.0257195
-0.0254739
-0.0251995
-0.0250105
-0.0248475
-0.0247073
-0.0246568
-0.0245544
-0.0244239
-0.0243748
-0.0243488
-0.024321
-0.0242613
-0.0241691
-0.0241253
-0.0240842
-0.0240109
-0.0239689
-0.0238912
-0.0237992
-0.0237955
-0.0237316
-0.0236026
-0.0235759
-0.0235294
-0.023421
-0.0233859
-0.0233186
-0.0231777
-0.0231174
-0.0230927
-0.0229734
-0.0228272
-0.0227569
-0.0226967
-0.0225695
-0.0224365
-0.02234
-0.0222265
-0.0220962
-0.0219758
-0.0218427
-0.0217027
-0.0215751
-0.0214343
-0.0212786
-0.0211315
-0.0209848
-0.0208225
-0.0206586
-0.0204982
-0.020331
-0.0201565
-0.0199811
-0.0198023
-0.0196186
-0.0194307
-0.0192383
-0.0190445
-0.0188425
-0.0186421
-0.0184351
-0.0182321
-0.0180344
-0.0178566
-0.017724
-0.0268265
-0.0261302
-0.0249742
-0.0234369
-0.0218016
-0.0203668
-0.0193471
-0.0188101
-0.0187377
-0.0190214
-0.0195504
-0.020187
-0.0208357
-0.0214507
-0.021977
-0.0224168
-0.0227717
-0.0230962
-0.0233799
-0.0236165
-0.0238612
-0.0241518
-0.0245097
-0.0248785
-0.0252825
-0.025689
-0.0260347
-0.0263018
-0.0264494
-0.0265398
-0.0265153
-0.0263862
-0.0262301
-0.0259509
-0.0256811
-0.0254612
-0.0251878
-0.0249994
-0.0248453
-0.0246974
-0.0246513
-0.0245463
-0.0244037
-0.0243635
-0.0243424
-0.0243153
-0.0242614
-0.0241551
-0.0241058
-0.0240858
-0.024008
-0.0239503
-0.023882
-0.0237892
-0.0237851
-0.0237324
-0.0235874
-0.0235557
-0.0235329
-0.023417
-0.0233658
-0.0233118
-0.0231743
-0.0231047
-0.0230844
-0.0229676
-0.022817
-0.0227491
-0.0226917
-0.0225617
-0.0224285
-0.0223346
-0.0222211
-0.0220899
-0.0219703
-0.0218383
-0.0216984
-0.0215704
-0.0214302
-0.0212751
-0.0211283
-0.0209816
-0.0208199
-0.0206562
-0.020496
-0.0203289
-0.0201549
-0.0199794
-0.019801
-0.0196172
-0.0194298
-0.0192372
-0.0190439
-0.0188417
-0.0186414
-0.0184344
-0.0182306
-0.0180332
-0.0178537
-0.0177224
-0.0288391
-0.0276798
-0.0258909
-0.023816
-0.0218043
-0.0201518
-0.0190418
-0.0185028
-0.0184858
-0.0188582
-0.0194943
-0.0202306
-0.0209406
-0.0215759
-0.0220954
-0.0225279
-0.0228688
-0.0231736
-0.0234349
-0.0236346
-0.0238501
-0.0241029
-0.0244278
-0.0247794
-0.0251799
-0.0255938
-0.0259124
-0.0261633
-0.0262988
-0.0263757
-0.0263876
-0.0262867
-0.0261569
-0.0259108
-0.0256478
-0.0254397
-0.0251692
-0.0249791
-0.0248373
-0.0246931
-0.0246467
-0.0245355
-0.0243841
-0.0243512
-0.0243363
-0.0243073
-0.0242565
-0.0241433
-0.0240881
-0.0240836
-0.0240038
-0.0239329
-0.0238742
-0.0237787
-0.0237715
-0.0237325
-0.0235729
-0.0235338
-0.0235364
-0.0234131
-0.0233429
-0.0233045
-0.0231726
-0.0230908
-0.0230739
-0.0229618
-0.0228069
-0.0227406
-0.0226861
-0.0225535
-0.02242
-0.0223287
-0.0222155
-0.0220832
-0.0219643
-0.0218336
-0.0216938
-0.0215655
-0.021426
-0.0212715
-0.0211249
-0.0209783
-0.0208172
-0.0206536
-0.0204938
-0.0203267
-0.0201531
-0.0199776
-0.0197996
-0.0196157
-0.0194288
-0.0192361
-0.019043
-0.0188409
-0.0186405
-0.0184336
-0.018229
-0.0180317
-0.0178508
-0.0177206
-0.0309818
-0.0293523
-0.026796
-0.0240604
-0.0216119
-0.0197332
-0.0185581
-0.0180629
-0.0181509
-0.0186598
-0.0194262
-0.0202726
-0.0210487
-0.021704
-0.0222151
-0.0226314
-0.022962
-0.0232448
-0.0234788
-0.0236498
-0.0238355
-0.0240476
-0.0243337
-0.0246669
-0.0250698
-0.0254976
-0.0257979
-0.0260342
-0.0261594
-0.026216
-0.0262511
-0.0261716
-0.0260647
-0.025863
-0.0256161
-0.0254172
-0.025151
-0.024953
-0.0248219
-0.0246889
-0.0246395
-0.0245251
-0.0243696
-0.0243371
-0.0243268
-0.0242937
-0.0242453
-0.0241364
-0.024075
-0.0240776
-0.0239973
-0.023915
-0.0238674
-0.0237699
-0.023753
-0.0237282
-0.0235609
-0.0235127
-0.0235377
-0.0234087
-0.0233185
-0.0232956
-0.0231715
-0.0230764
-0.0230613
-0.0229554
-0.022797
-0.0227313
-0.0226794
-0.0225449
-0.0224111
-0.0223222
-0.0222093
-0.022076
-0.021958
-0.0218286
-0.0216891
-0.0215604
-0.0214215
-0.0212675
-0.0211213
-0.0209748
-0.0208143
-0.0206508
-0.0204913
-0.0203242
-0.0201512
-0.0199756
-0.019798
-0.0196141
-0.0194276
-0.0192349
-0.0190421
-0.0188402
-0.0186395
-0.0184329
-0.0182272
-0.01803
-0.0178478
-0.0177184
-0.0331603
-0.0309467
-0.027586
-0.0241563
-0.0212507
-0.019143
-0.0179238
-0.0175137
-0.017751
-0.0184353
-0.0193506
-0.0203141
-0.0211619
-0.0218432
-0.0223503
-0.0227391
-0.0230482
-0.0232959
-0.0234989
-0.0236501
-0.0238134
-0.0239969
-0.0242438
-0.0245608
-0.024958
-0.0253843
-0.0256788
-0.0259054
-0.0260325
-0.0260804
-0.0261172
-0.0260466
-0.0259533
-0.0257887
-0.0255721
-0.0253924
-0.0251363
-0.0249362
-0.0248102
-0.0246801
-0.0246219
-0.0245081
-0.024358
-0.0243258
-0.0243162
-0.0242759
-0.0242313
-0.0241335
-0.0240625
-0.0240681
-0.0239914
-0.0238943
-0.0238584
-0.0237654
-0.0237323
-0.0237183
-0.0235509
-0.0234918
-0.0235357
-0.0234052
-0.0232941
-0.0232833
-0.0231702
-0.0230629
-0.0230472
-0.0229477
-0.0227872
-0.0227213
-0.022672
-0.022536
-0.0224019
-0.0223152
-0.0222028
-0.0220686
-0.0219514
-0.0218234
-0.021684
-0.0215548
-0.0214165
-0.0212632
-0.0211174
-0.020971
-0.020811
-0.0206476
-0.0204885
-0.0203215
-0.020149
-0.0199734
-0.0197963
-0.0196125
-0.0194264
-0.0192339
-0.0190411
-0.0188395
-0.0186384
-0.0184321
-0.0182253
-0.018028
-0.0178447
-0.0177159
-0.0352408
-0.0323577
-0.0282096
-0.0241206
-0.0207789
-0.0184567
-0.0172103
-0.0169071
-0.0173149
-0.018187
-0.0192639
-0.0203533
-0.0212875
-0.0220107
-0.0225251
-0.0228817
-0.0231439
-0.0233322
-0.0234898
-0.023619
-0.0237683
-0.0239437
-0.0241717
-0.0244872
-0.0248684
-0.0252669
-0.0255536
-0.0257688
-0.0259001
-0.0259494
-0.0259834
-0.0259251
-0.0258433
-0.0257041
-0.0255197
-0.0253562
-0.0251109
-0.0249222
-0.0248028
-0.0246711
-0.0245999
-0.0244848
-0.0243488
-0.0243183
-0.0243046
-0.0242572
-0.024215
-0.02413
-0.0240485
-0.0240539
-0.0239867
-0.0238744
-0.0238452
-0.0237608
-0.02371
-0.0237046
-0.0235424
-0.0234694
-0.0235292
-0.0234038
-0.0232708
-0.0232669
-0.0231678
-0.0230509
-0.0230321
-0.0229391
-0.0227775
-0.0227109
-0.0226639
-0.022527
-0.0223923
-0.0223076
-0.022196
-0.0220609
-0.0219442
-0.0218174
-0.0216782
-0.0215487
-0.0214111
-0.0212586
-0.021113
-0.0209667
-0.0208074
-0.0206442
-0.0204855
-0.0203188
-0.0201468
-0.0199714
-0.0197946
-0.019611
-0.019425
-0.0192328
-0.0190398
-0.0188386
-0.018637
-0.018431
-0.0182232
-0.0180257
-0.0178416
-0.0177133
-0.0370083
-0.0335198
-0.0286698
-0.0240044
-0.0202811
-0.0177751
-0.0165113
-0.0163098
-0.0168782
-0.017923
-0.0191633
-0.0203865
-0.0214261
-0.0222121
-0.022749
-0.0230818
-0.0232797
-0.0233873
-0.0234746
-0.0235625
-0.0236914
-0.0238673
-0.0241072
-0.0244437
-0.0248133
-0.0251767
-0.025445
-0.0256365
-0.025753
-0.025794
-0.0258382
-0.0258117
-0.0257472
-0.0256323
-0.0254703
-0.0253078
-0.0250701
-0.0248937
-0.0247882
-0.0246716
-0.024586
-0.0244615
-0.0243445
-0.024309
-0.0242868
-0.0242405
-0.0241923
-0.0241197
-0.0240405
-0.0240373
-0.023976
-0.0238566
-0.0238304
-0.0237532
-0.0236852
-0.0236876
-0.0235378
-0.0234488
-0.0235162
-0.0234011
-0.0232506
-0.0232497
-0.023165
-0.0230389
-0.0230151
-0.0229304
-0.0227688
-0.022699
-0.0226542
-0.022518
-0.0223824
-0.0222988
-0.0221882
-0.0220523
-0.0219361
-0.0218107
-0.0216721
-0.0215422
-0.0214052
-0.0212535
-0.0211084
-0.0209623
-0.0208038
-0.020641
-0.0204826
-0.0203161
-0.0201445
-0.0199691
-0.0197925
-0.0196091
-0.0194232
-0.0192314
-0.0190383
-0.0188377
-0.0186355
-0.0184299
-0.0182211
-0.0180232
-0.0178385
-0.0177103
-0.0383891
-0.0344061
-0.0289966
-0.0238698
-0.0198394
-0.0171843
-0.0159035
-0.0157798
-0.0164793
-0.0176688
-0.0190568
-0.0204106
-0.021561
-0.0224229
-0.0229946
-0.0233199
-0.0234643
-0.0234932
-0.023498
-0.0235211
-0.0236061
-0.0237687
-0.0240254
-0.024389
-0.0247601
-0.0251086
-0.0253671
-0.0255296
-0.0256118
-0.0256241
-0.0256792
-0.0256913
-0.0256431
-0.0255599
-0.0254186
-0.0252544
-0.0250354
-0.0248615
-0.0247616
-0.0246729
-0.0245719
-0.0244328
-0.0243395
-0.0242935
-0.0242641
-0.0242318
-0.0241634
-0.0240953
-0.0240377
-0.0240211
-0.0239566
-0.0238395
-0.0238155
-0.0237464
-0.0236605
-0.0236615
-0.0235343
-0.0234369
-0.0234992
-0.0233939
-0.023233
-0.023233
-0.0231622
-0.0230262
-0.0229944
-0.022921
-0.0227618
-0.0226849
-0.0226415
-0.0225089
-0.0223722
-0.0222881
-0.022179
-0.0220436
-0.0219278
-0.0218037
-0.0216656
-0.0215355
-0.0213994
-0.0212486
-0.0211039
-0.0209581
-0.0208
-0.0206374
-0.0204792
-0.0203129
-0.0201416
-0.0199665
-0.01979
-0.0196072
-0.0194213
-0.0192302
-0.0190369
-0.0188368
-0.0186342
-0.0184286
-0.0182188
-0.0180203
-0.017835
-0.017707
-0.0393859
-0.0350237
-0.0292208
-0.0237672
-0.0195134
-0.0167421
-0.0154403
-0.0153706
-0.0161716
-0.0174789
-0.0189837
-0.020443
-0.0216853
-0.0226142
-0.02322
-0.0235437
-0.0236596
-0.0236377
-0.0235756
-0.0235325
-0.023556
-0.0236866
-0.0239333
-0.0242973
-0.0246688
-0.0250203
-0.025297
-0.0254476
-0.025502
-0.0254813
-0.0255198
-0.0255491
-0.0255085
-0.0254636
-0.0253594
-0.025202
-0.0250122
-0.0248397
-0.024729
-0.024656
-0.0245444
-0.0244039
-0.0243341
-0.0242725
-0.0242384
-0.0242263
-0.024137
-0.0240666
-0.0240294
-0.0239961
-0.0239342
-0.0238293
-0.0237985
-0.02374
-0.0236429
-0.0236275
-0.0235261
-0.023434
-0.0234821
-0.0233821
-0.0232152
-0.0232132
-0.0231588
-0.0230149
-0.0229689
-0.0229085
-0.022757
-0.0226696
-0.022625
-0.0224995
-0.0223628
-0.0222764
-0.0221694
-0.0220354
-0.0219195
-0.0217963
-0.0216593
-0.0215291
-0.0213934
-0.0212431
-0.0210986
-0.0209528
-0.0207954
-0.020633
-0.0204751
-0.0203094
-0.0201385
-0.0199639
-0.0197876
-0.0196055
-0.0194197
-0.019229
-0.0190354
-0.0188356
-0.0186325
-0.0184268
-0.0182163
-0.0180171
-0.0178316
-0.0177036
-0.0400103
-0.0353916
-0.0293626
-0.0237261
-0.0193376
-0.0164884
-0.0151673
-0.0151377
-0.0160175
-0.0174155
-0.0189987
-0.02052
-0.0218159
-0.0227798
-0.0233975
-0.0237028
-0.0237949
-0.0237513
-0.0236536
-0.0235743
-0.0235558
-0.0236639
-0.023887
-0.0242152
-0.0245629
-0.0248982
-0.0251945
-0.0253485
-0.0253977
-0.0253735
-0.0253758
-0.0253976
-0.0253629
-0.0253505
-0.0252936
-0.0251482
-0.0249814
-0.0248139
-0.0246909
-0.0246225
-0.0245157
-0.0243979
-0.02434
-0.024249
-0.0241977
-0.0241958
-0.0241114
-0.0240583
-0.0240234
-0.0239539
-0.0239047
-0.0238301
-0.0237832
-0.02373
-0.0236321
-0.0235924
-0.0235127
-0.023432
-0.0234593
-0.0233663
-0.0232002
-0.0231895
-0.0231518
-0.0230053
-0.0229395
-0.0228919
-0.0227552
-0.0226552
-0.0226051
-0.0224902
-0.0223557
-0.0222649
-0.0221588
-0.0220272
-0.0219114
-0.0217886
-0.0216521
-0.0215213
-0.0213857
-0.0212363
-0.0210925
-0.0209473
-0.0207906
-0.0206288
-0.0204712
-0.0203061
-0.0201357
-0.0199615
-0.0197853
-0.0196035
-0.0194176
-0.0192272
-0.0190335
-0.018834
-0.0186307
-0.0184249
-0.018214
-0.0180139
-0.017828
-0.0176998
-0.0402751
-0.0355318
-0.0294314
-0.023748
-0.0193173
-0.0164399
-0.0151155
-0.0151173
-0.0160528
-0.0175071
-0.0191313
-0.0206716
-0.0219797
-0.0229412
-0.0235355
-0.0237937
-0.023837
-0.023771
-0.0236568
-0.0235768
-0.0235651
-0.0236907
-0.0239175
-0.0242032
-0.0245044
-0.0247834
-0.0250543
-0.0252002
-0.0252536
-0.025266
-0.0252556
-0.0252695
-0.025244
-0.0252361
-0.0252062
-0.0250815
-0.024948
-0.0247907
-0.0246466
-0.0245727
-0.0244832
-0.0244036
-0.0243552
-0.0242355
-0.0241483
-0.0241323
-0.0240763
-0.0240644
-0.0240299
-0.0239135
-0.0238637
-0.0238274
-0.0237717
-0.0237177
-0.0236191
-0.023553
-0.0234995
-0.0234342
-0.0234255
-0.0233412
-0.0231915
-0.0231661
-0.0231404
-0.0229982
-0.0229088
-0.0228711
-0.0227567
-0.0226442
-0.022583
-0.0224794
-0.0223498
-0.0222531
-0.0221468
-0.0220179
-0.0219017
-0.0217786
-0.0216427
-0.0215124
-0.0213779
-0.0212299
-0.0210867
-0.020942
-0.0207859
-0.0206247
-0.0204674
-0.0203028
-0.0201325
-0.0199586
-0.0197822
-0.0196009
-0.019415
-0.0192252
-0.0190317
-0.0188326
-0.0186292
-0.0184229
-0.0182113
-0.0180103
-0.0178239
-0.0176958
-0.0401794
-0.0354378
-0.029399
-0.0237885
-0.0194159
-0.016583
-0.0152962
-0.0153314
-0.0162977
-0.0177701
-0.0193991
-0.0209236
-0.0222043
-0.0231281
-0.0236668
-0.0238565
-0.0238222
-0.0237061
-0.0235725
-0.0235067
-0.0235387
-0.0237125
-0.0239768
-0.024247
-0.0245085
-0.0247231
-0.024927
-0.0250447
-0.0250941
-0.0251457
-0.0251512
-0.0251671
-0.0251521
-0.02512
-0.0250833
-0.0249924
-0.0249217
-0.0247931
-0.0246147
-0.0245046
-0.0244196
-0.0243804
-0.0243594
-0.0242427
-0.0241208
-0.0240702
-0.0240354
-0.0240471
-0.0240228
-0.0238943
-0.0238281
-0.0238119
-0.0237595
-0.0237061
-0.0236024
-0.0235028
-0.0234828
-0.0234489
-0.0233878
-0.023301
-0.0231868
-0.0231483
-0.0231262
-0.0229947
-0.0228796
-0.0228445
-0.0227579
-0.022637
-0.0225596
-0.0224654
-0.0223425
-0.0222398
-0.0221322
-0.0220061
-0.0218903
-0.0217682
-0.0216345
-0.0215049
-0.0213707
-0.0212235
-0.0210808
-0.0209366
-0.020781
-0.02062
-0.0204627
-0.0202986
-0.0201284
-0.0199549
-0.0197788
-0.0195984
-0.019413
-0.0192237
-0.0190303
-0.018831
-0.0186272
-0.0184203
-0.0182082
-0.0180066
-0.0178199
-0.0176918
-0.0396804
-0.0350598
-0.029206
-0.0237846
-0.0195847
-0.0168929
-0.0157087
-0.0157976
-0.0167791
-0.0182365
-0.0198295
-0.0212973
-0.0224987
-0.02334
-0.0237957
-0.0239132
-0.0238038
-0.0236294
-0.0234813
-0.0234339
-0.0235094
-0.0237144
-0.0240037
-0.0242793
-0.0245216
-0.0246963
-0.0248328
-0.0249212
-0.0249671
-0.0250272
-0.0250457
-0.0250658
-0.0250667
-0.0250158
-0.0249551
-0.0248922
-0.0248727
-0.0247799
-0.0245993
-0.0244565
-0.0243546
-0.0243299
-0.0243242
-0.0242323
-0.0241061
-0.0240313
-0.0240101
-0.0240114
-0.0239882
-0.0238886
-0.0238066
-0.0237871
-0.0237441
-0.0236926
-0.0235871
-0.0234479
-0.0234476
-0.0234684
-0.023364
-0.0232529
-0.0231802
-0.0231351
-0.0231052
-0.0229913
-0.0228576
-0.0228147
-0.0227531
-0.0226294
-0.0225358
-0.0224491
-0.0223321
-0.0222232
-0.0221165
-0.0219957
-0.0218807
-0.0217589
-0.0216265
-0.0214969
-0.0213627
-0.0212165
-0.0210742
-0.0209302
-0.0207748
-0.0206142
-0.020457
-0.0202939
-0.0201245
-0.0199518
-0.0197762
-0.0195964
-0.019411
-0.0192216
-0.0190279
-0.0188286
-0.0186248
-0.0184177
-0.0182053
-0.0180029
-0.0178156
-0.0176873
-0.0388098
-0.0344235
-0.0288656
-0.0237284
-0.0197877
-0.0173086
-0.0162788
-0.0164521
-0.0174602
-0.0189009
-0.0204354
-0.0218086
-0.0228763
-0.023582
-0.0239245
-0.0239673
-0.02381
-0.0236079
-0.0234731
-0.0234527
-0.0235465
-0.0237361
-0.0240039
-0.0242743
-0.0244953
-0.0246345
-0.0247173
-0.024788
-0.0248492
-0.0249111
-0.0249459
-0.0249807
-0.0249972
-0.0249413
-0.024856
-0.0248007
-0.0247839
-0.0246992
-0.024558
-0.0244359
-0.0243394
-0.0243031
-0.0242551
-0.0241687
-0.0240781
-0.0240114
-0.0240084
-0.0239896
-0.0239401
-0.023872
-0.0237848
-0.0237526
-0.0237242
-0.0236708
-0.0235709
-0.0234102
-0.0234
-0.0234712
-0.023357
-0.0232092
-0.0231656
-0.023126
-0.0230783
-0.0229801
-0.0228432
-0.0227876
-0.0227406
-0.0226164
-0.0225095
-0.0224315
-0.0223226
-0.0222079
-0.0221025
-0.0219876
-0.0218711
-0.0217479
-0.0216173
-0.0214883
-0.0213536
-0.0212078
-0.0210659
-0.0209226
-0.0207681
-0.0206086
-0.0204523
-0.0202902
-0.0201214
-0.0199489
-0.0197732
-0.0195932
-0.0194078
-0.0192185
-0.0190255
-0.0188266
-0.018623
-0.0184152
-0.0182021
-0.0179987
-0.017811
-0.0176827
-0.0378198
-0.0337282
-0.0285053
-0.0236608
-0.0199671
-0.0176889
-0.016816
-0.0171048
-0.0181873
-0.019661
-0.0211681
-0.0224532
-0.0233737
-0.0239103
-0.0241029
-0.0240418
-0.0238365
-0.0236281
-0.0235255
-0.0235442
-0.0236535
-0.0238229
-0.0240549
-0.0242936
-0.0244589
-0.0245325
-0.0245638
-0.0246201
-0.0246995
-0.0247753
-0.0248455
-0.0249141
-0.0249365
-0.0248686
-0.0247652
-0.0247162
-0.0246914
-0.0246002
-0.0244864
-0.0243896
-0.0243334
-0.0243152
-0.0242155
-0.0241018
-0.0240426
-0.0239945
-0.0240006
-0.0239637
-0.0238754
-0.0238311
-0.0237667
-0.0237216
-0.0236989
-0.0236323
-0.0235368
-0.0234035
-0.0233742
-0.0234441
-0.0233468
-0.0231814
-0.023143
-0.0231166
-0.0230563
-0.0229606
-0.0228243
-0.0227578
-0.0227216
-0.022602
-0.0224842
-0.0224153
-0.0223181
-0.0221955
-0.0220862
-0.0219772
-0.0218611
-0.0217356
-0.0216061
-0.0214775
-0.0213424
-0.0211979
-0.0210577
-0.0209161
-0.0207628
-0.0206039
-0.0204477
-0.020286
-0.020117
-0.0199443
-0.0197687
-0.0195894
-0.019405
-0.0192166
-0.0190239
-0.0188246
-0.0186204
-0.0184119
-0.0181983
-0.0179944
-0.0178064
-0.017678
-0.0370839
-0.0332622
-0.0283096
-0.0236693
-0.0201203
-0.0179567
-0.017187
-0.017581
-0.0187596
-0.0203035
-0.0218334
-0.0230862
-0.0239191
-0.0243235
-0.024371
-0.0241855
-0.0239061
-0.0236707
-0.0235795
-0.0236387
-0.023796
-0.023996
-0.0242111
-0.0243836
-0.0244509
-0.02444
-0.0244323
-0.0244776
-0.0245554
-0.024631
-0.0247193
-0.0248086
-0.0248306
-0.0247605
-0.024664
-0.0246289
-0.0246098
-0.0245369
-0.0244393
-0.0243316
-0.0242883
-0.0242967
-0.0241974
-0.0240638
-0.0239999
-0.023971
-0.0239832
-0.023929
-0.0238109
-0.023778
-0.0237467
-0.0236907
-0.0236682
-0.0235949
-0.0234847
-0.0234047
-0.0233875
-0.0234035
-0.0233119
-0.023167
-0.0231188
-0.0230934
-0.0230341
-0.0229393
-0.0228011
-0.022723
-0.0226978
-0.0225964
-0.0224712
-0.0223983
-0.0223084
-0.0221815
-0.0220676
-0.0219638
-0.0218489
-0.0217205
-0.0215919
-0.0214666
-0.0213336
-0.0211907
-0.0210514
-0.0209103
-0.020757
-0.0205976
-0.020441
-0.0202796
-0.0201113
-0.0199394
-0.0197652
-0.0195871
-0.0194032
-0.0192143
-0.019021
-0.0188214
-0.0186173
-0.0184087
-0.0181948
-0.0179903
-0.0178016
-0.0176729
-0.0369338
-0.0333201
-0.0285316
-0.0239823
-0.0204634
-0.0182986
-0.0175166
-0.0179006
-0.0190734
-0.0206133
-0.0221497
-0.0234179
-0.0242658
-0.0246603
-0.0246685
-0.0244287
-0.0240975
-0.0238161
-0.0236889
-0.0237485
-0.023946
-0.0241875
-0.0243836
-0.0244738
-0.0244544
-0.0243939
-0.0243725
-0.02441
-0.0244779
-0.0245481
-0.0246288
-0.0246931
-0.0246883
-0.0246284
-0.0245595
-0.0245221
-0.0244898
-0.0244454
-0.0243915
-0.0243032
-0.0242501
-0.0242275
-0.0241348
-0.0240142
-0.0239474
-0.0239538
-0.0239749
-0.0238944
-0.023765
-0.0237314
-0.0237137
-0.023651
-0.0236357
-0.0235857
-0.0234507
-0.0233837
-0.023395
-0.0233626
-0.0232581
-0.0231516
-0.0230984
-0.0230539
-0.0229944
-0.0229152
-0.0227958
-0.0227091
-0.0226737
-0.022584
-0.0224597
-0.0223783
-0.022291
-0.0221648
-0.0220462
-0.0219444
-0.0218344
-0.0217083
-0.0215817
-0.0214586
-0.0213263
-0.0211831
-0.0210429
-0.0209015
-0.0207486
-0.0205895
-0.0204338
-0.020274
-0.0201075
-0.0199366
-0.0197625
-0.0195838
-0.0193992
-0.0192102
-0.0190177
-0.0188188
-0.0186148
-0.0184056
-0.018191
-0.0179856
-0.0177965
-0.0176678
-0.0375735
-0.0341335
-0.0294394
-0.0249142
-0.0213532
-0.0190851
-0.0181485
-0.0183421
-0.0193176
-0.020683
-0.0221034
-0.0233292
-0.0242061
-0.0246761
-0.0247792
-0.0246315
-0.0243645
-0.0241012
-0.0239401
-0.0239426
-0.0240885
-0.0242827
-0.0244243
-0.0244733
-0.0244593
-0.0244214
-0.0243885
-0.024385
-0.0244296
-0.024519
-0.0246219
-0.0246664
-0.0246173
-0.0245302
-0.0244439
-0.0243686
-0.0243177
-0.0243075
-0.0243045
-0.0242737
-0.0242412
-0.02417
-0.0240571
-0.023953
-0.0238912
-0.0239201
-0.0239358
-0.0238343
-0.0237224
-0.0236942
-0.0236855
-0.0236377
-0.0236109
-0.0235634
-0.0234293
-0.0233527
-0.0233631
-0.0233185
-0.0232191
-0.0231304
-0.0230678
-0.023019
-0.0229661
-0.022892
-0.0227934
-0.022712
-0.0226504
-0.0225481
-0.0224327
-0.0223579
-0.0222735
-0.022148
-0.022027
-0.0219268
-0.0218236
-0.021702
-0.0215735
-0.0214468
-0.0213139
-0.0211713
-0.0210313
-0.0208912
-0.0207406
-0.0205832
-0.0204289
-0.0202705
-0.0201042
-0.0199321
-0.019757
-0.0195786
-0.0193954
-0.0192077
-0.0190155
-0.0188162
-0.0186115
-0.0184017
-0.0181866
-0.0179809
-0.0177914
-0.0176627
-0.0388278
-0.0356205
-0.0310737
-0.0266388
-0.0230846
-0.0207132
-0.0195547
-0.0194258
-0.020023
-0.0210072
-0.0220928
-0.02307
-0.0238164
-0.0242892
-0.0245122
-0.0245568
-0.0244932
-0.0243871
-0.0242907
-0.024247
-0.0242638
-0.0243009
-0.0243283
-0.0243569
-0.0244042
-0.024434
-0.0244042
-0.0243573
-0.0243654
-0.0244516
-0.0245717
-0.0246367
-0.0246134
-0.0245205
-0.0243765
-0.0242359
-0.0241777
-0.0242204
-0.0242617
-0.0242465
-0.0241988
-0.0240906
-0.0239771
-0.023902
-0.0238467
-0.0238605
-0.0238712
-0.0237883
-0.02368
-0.0236199
-0.0236225
-0.0236333
-0.0236023
-0.0235131
-0.0233912
-0.0233319
-0.0233147
-0.0232597
-0.0231994
-0.0231262
-0.0230345
-0.0229921
-0.0229732
-0.0228828
-0.022749
-0.0226743
-0.022632
-0.0225276
-0.0224037
-0.0223295
-0.0222536
-0.022139
-0.0220209
-0.0219137
-0.0218068
-0.0216894
-0.021562
-0.0214312
-0.0212979
-0.0211591
-0.0210221
-0.0208838
-0.0207351
-0.0205782
-0.0204233
-0.0202639
-0.020097
-0.0199252
-0.0197521
-0.0195759
-0.0193935
-0.0192052
-0.0190122
-0.0188125
-0.0186079
-0.018398
-0.0181825
-0.0179762
-0.0177861
-0.0176572
-0.0397803
-0.0371241
-0.0330985
-0.0291033
-0.0258277
-0.0235172
-0.0221754
-0.0216455
-0.021691
-0.022065
-0.0225678
-0.0230673
-0.0235003
-0.0238507
-0.0241225
-0.0243264
-0.0244702
-0.0245572
-0.0245858
-0.0245532
-0.024466
-0.0243376
-0.0242095
-0.0241495
-0.0241766
-0.0242423
-0.0242897
-0.0243246
-0.0243644
-0.0243997
-0.0244311
-0.0244619
-0.024502
-0.0244925
-0.0243706
-0.024203
-0.0241158
-0.0241625
-0.0242419
-0.0242484
-0.0241544
-0.0239906
-0.0238817
-0.0238464
-0.023811
-0.0238009
-0.0238221
-0.0237929
-0.023655
-0.0235182
-0.0235261
-0.0235907
-0.0235726
-0.023475
-0.0233685
-0.0233026
-0.0232408
-0.0231874
-0.0231947
-0.0231557
-0.0230106
-0.0229255
-0.0229497
-0.0228914
-0.022714
-0.0226113
-0.0226022
-0.0225263
-0.0223957
-0.0223072
-0.0222286
-0.0221242
-0.0220154
-0.0219004
-0.0217819
-0.021668
-0.0215487
-0.0214186
-0.0212858
-0.0211511
-0.0210163
-0.0208774
-0.0207279
-0.0205695
-0.0204133
-0.0202549
-0.0200909
-0.0199218
-0.0197495
-0.0195725
-0.019389
-0.0192005
-0.0190083
-0.0188093
-0.0186048
-0.0183944
-0.0181783
-0.0179713
-0.0177809
-0.0176518
-0.0386959
-0.0373494
-0.0347357
-0.031934
-0.0294627
-0.0275076
-0.0260708
-0.0250717
-0.0244042
-0.0239837
-0.0237551
-0.0236861
-0.0237555
-0.0239304
-0.0241654
-0.0244044
-0.0246072
-0.0247465
-0.0248001
-0.0247537
-0.024607
-0.0243936
-0.0241697
-0.0240034
-0.0239295
-0.0239534
-0.024074
-0.0242488
-0.0243894
-0.0244262
-0.0243728
-0.0243083
-0.0242849
-0.0242603
-0.0241901
-0.0241008
-0.0240525
-0.0240823
-0.0241584
-0.0242019
-0.0241195
-0.0239501
-0.0238404
-0.0237958
-0.0237527
-0.0237206
-0.0237482
-0.0237818
-0.023672
-0.0235175
-0.0235031
-0.0235207
-0.0234689
-0.0234189
-0.0233713
-0.0232727
-0.0231628
-0.0231411
-0.0231976
-0.0231612
-0.0229702
-0.0228324
-0.0228786
-0.0228926
-0.0227281
-0.0225818
-0.0225519
-0.0224952
-0.0223905
-0.0223052
-0.022209
-0.0220965
-0.0219969
-0.0218843
-0.0217581
-0.0216467
-0.0215392
-0.0214135
-0.021278
-0.0211414
-0.0210062
-0.0208666
-0.0207166
-0.0205592
-0.020406
-0.0202514
-0.0200888
-0.0199179
-0.0197435
-0.0195664
-0.0193843
-0.0191971
-0.0190053
-0.0188059
-0.0186008
-0.0183899
-0.0181735
-0.0179663
-0.0177756
-0.0176466
-0.0339878
-0.0348759
-0.034835
-0.034233
-0.0332654
-0.0320495
-0.0306706
-0.0292216
-0.0278166
-0.0265849
-0.0256322
-0.0250082
-0.0246972
-0.0246342
-0.0247322
-0.0249017
-0.025066
-0.0251645
-0.0251585
-0.0250378
-0.0248222
-0.0245627
-0.0243144
-0.0241065
-0.0239578
-0.023894
-0.0239478
-0.0240907
-0.0242441
-0.0243508
-0.0243688
-0.0243023
-0.0241574
-0.0239733
-0.023862
-0.0238643
-0.0239492
-0.0240394
-0.024068
-0.0240274
-0.0239221
-0.0238425
-0.0238257
-0.023787
-0.0237206
-0.0236604
-0.023654
-0.0236946
-0.0236605
-0.0235699
-0.0235094
-0.0234304
-0.0233504
-0.0233677
-0.0233947
-0.0232711
-0.0231095
-0.0231143
-0.0231941
-0.0231263
-0.022919
-0.0227935
-0.0228434
-0.0228493
-0.0226928
-0.0225728
-0.0225438
-0.0224616
-0.0223536
-0.022285
-0.0221906
-0.0220705
-0.0219714
-0.0218633
-0.0217407
-0.0216356
-0.0215336
-0.0214063
-0.0212647
-0.0211243
-0.0209901
-0.0208545
-0.0207093
-0.0205551
-0.0204027
-0.0202465
-0.0200816
-0.0199102
-0.0197378
-0.0195632
-0.019382
-0.0191943
-0.0190017
-0.018802
-0.0185969
-0.0183859
-0.0181691
-0.0179613
-0.0177702
-0.0176408
-0.0261216
-0.0295683
-0.0327171
-0.0348898
-0.0358681
-0.0356989
-0.0346163
-0.0329571
-0.0310758
-0.0292846
-0.0277915
-0.0266953
-0.0259878
-0.0256078
-0.0254724
-0.0254934
-0.0255781
-0.0256341
-0.0256046
-0.0254713
-0.0252556
-0.0249906
-0.0247108
-0.0244354
-0.0241943
-0.0240241
-0.0239478
-0.0239591
-0.0240304
-0.0241462
-0.0242395
-0.0242385
-0.0241006
-0.0238885
-0.0237542
-0.0237507
-0.0238605
-0.0239714
-0.0239666
-0.0238391
-0.0236827
-0.0236683
-0.0237412
-0.0237499
-0.0237101
-0.0236221
-0.0235378
-0.0235386
-0.023568
-0.0235445
-0.0234414
-0.0233216
-0.023285
-0.0233513
-0.0234023
-0.0232813
-0.023094
-0.0230644
-0.0231266
-0.0230803
-0.0229138
-0.022796
-0.0228228
-0.0228096
-0.0226509
-0.0225497
-0.0225478
-0.022469
-0.0223304
-0.0222286
-0.0221381
-0.0220513
-0.0219716
-0.0218575
-0.0217266
-0.0216179
-0.0215127
-0.0213862
-0.0212487
-0.0211097
-0.020977
-0.0208477
-0.0207068
-0.0205493
-0.0203914
-0.0202349
-0.0200739
-0.0199062
-0.0197349
-0.0195596
-0.0193775
-0.0191898
-0.0189978
-0.0187986
-0.0185935
-0.0183822
-0.0181649
-0.0179567
-0.0177653
-0.0176356
-0.0192951
-0.0242314
-0.0294366
-0.0334865
-0.035922
-0.0367176
-0.0361718
-0.0347501
-0.032924
-0.0310694
-0.0294272
-0.028117
-0.0271598
-0.02652
-0.0261272
-0.0259045
-0.0257749
-0.0256818
-0.0256025
-0.0255267
-0.0254453
-0.0253166
-0.0251046
-0.0248029
-0.0244629
-0.0241762
-0.0240018
-0.0239592
-0.0240152
-0.0241029
-0.0241397
-0.0240889
-0.0239725
-0.0238564
-0.0237906
-0.0237647
-0.0237973
-0.0238504
-0.0238584
-0.0238008
-0.0236852
-0.0236018
-0.023576
-0.0235968
-0.023634
-0.023566
-0.0234292
-0.0233904
-0.023473
-0.0235031
-0.0233668
-0.0232399
-0.0232503
-0.0233074
-0.0233185
-0.0232202
-0.0230797
-0.0230263
-0.0230175
-0.0229785
-0.022905
-0.0228103
-0.0227793
-0.0227932
-0.0226969
-0.0225246
-0.0224397
-0.0224266
-0.0223634
-0.0222247
-0.0220943
-0.0220363
-0.0219818
-0.0218524
-0.0217053
-0.0215952
-0.0214895
-0.021367
-0.0212418
-0.0211087
-0.0209711
-0.0208369
-0.0206948
-0.0205366
-0.0203803
-0.0202287
-0.020071
-0.0199021
-0.0197284
-0.0195528
-0.0193722
-0.0191856
-0.018994
-0.0187945
-0.0185892
-0.0183776
-0.0181602
-0.0179518
-0.0177604
-0.0176313
-0.0175515
-0.021791
-0.0265895
-0.0305121
-0.0331063
-0.0343296
-0.0343986
-0.0336651
-0.0324828
-0.0311271
-0.0297883
-0.0285849
-0.0275767
-0.0267783
-0.0261703
-0.0257233
-0.025408
-0.0252053
-0.0250972
-0.0250614
-0.025061
-0.0250411
-0.024955
-0.0247826
-0.0245536
-0.0243253
-0.0241496
-0.0240712
-0.0240775
-0.0240918
-0.0240391
-0.0239211
-0.0238247
-0.0238006
-0.0238224
-0.0238377
-0.0237947
-0.0237087
-0.0236494
-0.0236568
-0.023695
-0.0236496
-0.0235232
-0.0234753
-0.0235051
-0.0235102
-0.0234866
-0.0234284
-0.023369
-0.0233356
-0.0232954
-0.0232944
-0.0233089
-0.0232363
-0.0231335
-0.023084
-0.0230648
-0.0230311
-0.0229517
-0.0228801
-0.0228859
-0.0228427
-0.0227034
-0.0226821
-0.0227252
-0.0225426
-0.022301
-0.0223197
-0.0223987
-0.0222615
-0.0220707
-0.0220117
-0.0219602
-0.0218129
-0.0216733
-0.0215895
-0.0214897
-0.0213592
-0.0212364
-0.0211066
-0.0209595
-0.0208182
-0.0206838
-0.0205358
-0.0203803
-0.0202247
-0.0200649
-0.019896
-0.0197234
-0.0195491
-0.0193693
-0.0191824
-0.0189901
-0.0187905
-0.018585
-0.0183734
-0.0181557
-0.0179471
-0.0177553
-0.0176254
-0.0229907
-0.0241978
-0.0258985
-0.0274373
-0.0286111
-0.0293949
-0.0298068
-0.0298806
-0.0296561
-0.0291699
-0.0284789
-0.0276502
-0.0267714
-0.0259319
-0.0252239
-0.0247233
-0.0244591
-0.0244046
-0.024467
-0.0245446
-0.0245541
-0.0244748
-0.0243405
-0.0242111
-0.0241332
-0.0240978
-0.0240709
-0.0240198
-0.0239257
-0.0237928
-0.0236742
-0.0236207
-0.0236528
-0.0237437
-0.0238278
-0.0238528
-0.023745
-0.023546
-0.023397
-0.0233828
-0.0235063
-0.0236207
-0.0236258
-0.0235384
-0.0234059
-0.0233753
-0.0234544
-0.0234826
-0.0233873
-0.0232198
-0.0231602
-0.0232675
-0.0233155
-0.0231842
-0.023052
-0.0230619
-0.0230885
-0.0230047
-0.0229014
-0.0228775
-0.022912
-0.0228392
-0.0225958
-0.0225242
-0.0226975
-0.0226125
-0.0222975
-0.0222708
-0.0223763
-0.0222193
-0.0220144
-0.0219908
-0.0219475
-0.0217769
-0.0216389
-0.0215782
-0.0214877
-0.0213463
-0.0212126
-0.0210844
-0.0209431
-0.0208074
-0.0206804
-0.0205349
-0.0203733
-0.0202133
-0.020057
-0.0198931
-0.0197214
-0.0195461
-0.0193658
-0.0191792
-0.0189873
-0.0187877
-0.0185822
-0.0183703
-0.0181522
-0.0179432
-0.0177514
-0.017621
-0.032919
-0.0302571
-0.0276743
-0.0257243
-0.024592
-0.0242099
-0.0243608
-0.0247849
-0.0252507
-0.0255858
-0.0256952
-0.0255436
-0.0251669
-0.0246511
-0.0241305
-0.0237274
-0.0235088
-0.0234691
-0.0235407
-0.0236503
-0.023718
-0.0237175
-0.0236554
-0.0235769
-0.0235309
-0.0235276
-0.0235658
-0.0235667
-0.0234763
-0.0233287
-0.0232144
-0.0232271
-0.0233507
-0.0234904
-0.0235514
-0.0235126
-0.0234481
-0.0234408
-0.023455
-0.0234311
-0.0233838
-0.023354
-0.0234188
-0.0234561
-0.0233643
-0.0233377
-0.0233407
-0.023277
-0.023269
-0.0232682
-0.0232398
-0.0232375
-0.0231824
-0.0230718
-0.0230241
-0.0230786
-0.0231051
-0.0229957
-0.022874
-0.0228433
-0.0228521
-0.0227903
-0.0226135
-0.0225509
-0.0226657
-0.0225652
-0.022298
-0.0223114
-0.022387
-0.0221626
-0.0219513
-0.0219786
-0.0219603
-0.0217832
-0.0216378
-0.0215661
-0.0214634
-0.021319
-0.0211929
-0.0210797
-0.0209463
-0.0208016
-0.0206648
-0.0205213
-0.0203652
-0.0202069
-0.0200517
-0.0198886
-0.0197164
-0.0195404
-0.0193612
-0.0191756
-0.0189839
-0.0187842
-0.0185788
-0.0183667
-0.0181486
-0.0179394
-0.0177477
-0.0176193
-0.039825
-0.0345167
-0.029045
-0.0248079
-0.0221024
-0.0208209
-0.0205914
-0.0209919
-0.021662
-0.0223552
-0.0229198
-0.0232767
-0.0234308
-0.0234329
-0.0233597
-0.0232381
-0.0230577
-0.0228033
-0.0224991
-0.0222373
-0.0221106
-0.0221942
-0.0224722
-0.0228429
-0.0231567
-0.023285
-0.0232091
-0.0229783
-0.0227385
-0.0226399
-0.0227222
-0.0229342
-0.0231353
-0.0232271
-0.0232041
-0.023122
-0.0230944
-0.0231519
-0.0232203
-0.0232652
-0.0232641
-0.0232098
-0.0231698
-0.0231645
-0.0232306
-0.0233367
-0.0232544
-0.0230559
-0.0230353
-0.0231741
-0.0233156
-0.0232842
-0.0230229
-0.022831
-0.0229296
-0.0231298
-0.0231349
-0.0229136
-0.0227264
-0.0227237
-0.0227803
-0.0227502
-0.0226597
-0.0226469
-0.0226299
-0.0223987
-0.0222042
-0.0223296
-0.0223862
-0.0221201
-0.0219455
-0.022002
-0.0219446
-0.0217365
-0.0216114
-0.0215588
-0.0214539
-0.0213113
-0.0211911
-0.0210771
-0.0209386
-0.0207888
-0.0206524
-0.0205167
-0.0203654
-0.0202036
-0.0200448
-0.0198828
-0.0197123
-0.0195367
-0.0193574
-0.019172
-0.0189803
-0.0187805
-0.0185751
-0.0183631
-0.0181448
-0.0179354
-0.0177432
-0.0176138
-0.0421408
-0.0349219
-0.0286257
-0.0239189
-0.0209281
-0.0195221
-0.0193265
-0.0198616
-0.0206764
-0.0214566
-0.0220241
-0.0223493
-0.0225041
-0.0226027
-0.0227112
-0.0227738
-0.0226972
-0.0224172
-0.0219934
-0.0215683
-0.0213118
-0.0213733
-0.0217447
-0.0222779
-0.022722
-0.022893
-0.0227634
-0.022462
-0.0222841
-0.0224036
-0.0227573
-0.0231125
-0.0232196
-0.0230888
-0.0228883
-0.0227865
-0.0228343
-0.0228816
-0.0229081
-0.0230197
-0.023144
-0.0231952
-0.0231277
-0.0229938
-0.0230755
-0.0232878
-0.0232428
-0.0230921
-0.0230519
-0.0230205
-0.0230653
-0.0230961
-0.0228978
-0.0227575
-0.0229522
-0.0232009
-0.0231529
-0.0228588
-0.0226251
-0.0225979
-0.0226642
-0.022685
-0.0226889
-0.0227441
-0.0226563
-0.0222913
-0.0220778
-0.022275
-0.0223686
-0.0221112
-0.0219674
-0.0220369
-0.0219297
-0.0216603
-0.0215379
-0.0215422
-0.0214816
-0.0213351
-0.0211805
-0.021043
-0.0209128
-0.0207844
-0.0206571
-0.0205176
-0.0203607
-0.0201973
-0.0200401
-0.019881
-0.0197118
-0.0195358
-0.0193558
-0.0191705
-0.018979
-0.0187794
-0.0185738
-0.0183617
-0.0181433
-0.0179337
-0.0177406
-0.0176087
)
;

boundaryField
{
    zeroGradientPlanes
    {
        type            zeroGradient;
    }
    inlet
    {
        type            zeroGradient;
    }
    plate
    {
        type            zeroGradient;
    }
    frontAndBack
    {
        type            empty;
    }
}


// ************************************************************************* //
