/*--------------------------------*- C++ -*----------------------------------*\
  =========                 |
  \\      /  F ield         | OpenFOAM: The Open Source CFD Toolbox
   \\    /   O peration     | Website:  https://openfoam.org
    \\  /    A nd           | Version:  6
     \\/     M anipulation  |
\*---------------------------------------------------------------------------*/
FoamFile
{
    version     2.0;
    format      ascii;
    class       volScalarField;
    location    "0.8";
    object      p;
}
// * * * * * * * * * * * * * * * * * * * * * * * * * * * * * * * * * * * * * //

dimensions      [0 2 -2 0 0 0 0];

internalField   nonuniform List<scalar> 
4800
(
5.23934e-10
-0.000209195
-0.000805843
-0.00174017
-0.00314424
-0.0048142
-0.00690835
-0.00948777
-0.0123405
-0.0153301
-0.0182853
-0.0209233
-0.0231918
-0.0250403
-0.0264756
-0.0276683
-0.0286654
-0.0294518
-0.0298873
-0.0297439
-1.62238e-06
-0.000209056
-0.000806677
-0.00173868
-0.00314328
-0.00481193
-0.00690794
-0.00948829
-0.0123399
-0.0153286
-0.0182809
-0.0209219
-0.0231909
-0.0250438
-0.0264829
-0.0276755
-0.0286756
-0.0294683
-0.0299092
-0.0298079
-1.04753e-05
-0.00020762
-0.000809959
-0.00173382
-0.00313978
-0.00480291
-0.0069077
-0.00948945
-0.0123388
-0.015323
-0.0182674
-0.0209154
-0.0231888
-0.025054
-0.0264992
-0.0276959
-0.0287043
-0.0295096
-0.0299616
-0.0299692
-2.12117e-05
-0.000204826
-0.000814667
-0.00172826
-0.00313054
-0.00478712
-0.00690859
-0.00949269
-0.0123364
-0.0153108
-0.018243
-0.0209022
-0.0231875
-0.0250741
-0.026531
-0.0277343
-0.0287653
-0.0295939
-0.0300648
-0.0301875
-2.37828e-05
-0.000200359
-0.000816508
-0.00172538
-0.00311215
-0.00476684
-0.00690953
-0.00949749
-0.01233
-0.0152906
-0.0182121
-0.0208859
-0.0231924
-0.0251087
-0.0265828
-0.0277944
-0.0288694
-0.0297303
-0.0302468
-0.0303869
-2.10371e-05
-0.000195424
-0.000810308
-0.00172456
-0.00308143
-0.00474266
-0.00690696
-0.00949753
-0.0123137
-0.0152615
-0.0181815
-0.0208732
-0.02321
-0.0251612
-0.0266545
-0.0278783
-0.0290213
-0.0299107
-0.0304134
-0.0305121
-2.52295e-05
-0.000197592
-0.000794904
-0.00172288
-0.00303755
-0.00471466
-0.00689651
-0.00948174
-0.0122811
-0.015223
-0.018156
-0.0208714
-0.0232449
-0.0252308
-0.0267456
-0.0279878
-0.0292142
-0.0301152
-0.0305433
-0.0305351
-3.71662e-05
-0.000215603
-0.00077785
-0.00171766
-0.0029856
-0.00468311
-0.00687589
-0.00944271
-0.012232
-0.015176
-0.0181392
-0.0208846
-0.0232928
-0.0253115
-0.0268577
-0.0281405
-0.0294505
-0.0303378
-0.0306632
-0.0304954
-3.3019e-05
-0.000249568
-0.000770167
-0.00170654
-0.00293166
-0.0046479
-0.00684521
-0.00938118
-0.0121703
-0.0151243
-0.0181338
-0.0209057
-0.0233445
-0.0253981
-0.0269842
-0.0283579
-0.029697
-0.0305953
-0.0308439
-0.0305355
1.83375e-05
-0.000287679
-0.000775491
-0.00168692
-0.00287654
-0.00460716
-0.0068002
-0.00930167
-0.0121033
-0.0150746
-0.0181322
-0.0209243
-0.0233984
-0.0254855
-0.027094
-0.0285536
-0.0299301
-0.0309173
-0.0311831
-0.0306331
0.000107136
-0.000310643
-0.00078831
-0.00165395
-0.00281895
-0.00455438
-0.00673283
-0.00921165
-0.012037
-0.0150256
-0.018121
-0.0209378
-0.0234602
-0.0255417
-0.0271565
-0.0286773
-0.0301196
-0.0312991
-0.0317642
-0.0308727
0.000143198
-0.000298509
-0.00079558
-0.00160159
-0.0027581
-0.00448357
-0.00663623
-0.00911875
-0.0119637
-0.0149735
-0.0180957
-0.0209553
-0.0235065
-0.0255372
-0.0271564
-0.0286999
-0.0302255
-0.0316747
-0.0324734
-0.0315983
5.00532e-05
-0.00025364
-0.000780264
-0.0015333
-0.00269251
-0.00439468
-0.00650581
-0.00902174
-0.0118716
-0.0149194
-0.0180565
-0.0209635
-0.0234641
-0.0254592
-0.0271012
-0.0286304
-0.0302242
-0.0320085
-0.0330421
-0.0328667
-8.67122e-05
-0.000193539
-0.000734948
-0.00145909
-0.00262152
-0.00428557
-0.00635218
-0.00891106
-0.0117625
-0.0148535
-0.0179982
-0.0209211
-0.0233375
-0.0253145
-0.0270028
-0.0285318
-0.0301785
-0.0324509
-0.0339788
-0.0347961
-0.00013562
-0.000146853
-0.000671488
-0.00139276
-0.00254859
-0.00415751
-0.00619749
-0.00877735
-0.0116406
-0.0147602
-0.0179115
-0.020787
-0.023146
-0.0251206
-0.0268696
-0.0284996
-0.0303459
-0.0331507
-0.0355224
-0.0369943
-8.05783e-05
-0.000129284
-0.00061231
-0.00134585
-0.0024739
-0.00401741
-0.0060467
-0.0086166
-0.0115045
-0.0146328
-0.0177641
-0.0205567
-0.0228853
-0.02489
-0.0267192
-0.0286057
-0.0310566
-0.034434
-0.0374804
-0.0392942
2.76752e-05
-0.000140468
-0.000573534
-0.00131143
-0.00238913
-0.00386635
-0.00588804
-0.00842769
-0.011342
-0.01445
-0.0175163
-0.0202371
-0.0225558
-0.0246333
-0.0265962
-0.028852
-0.0322327
-0.0362319
-0.0396999
-0.0416344
0.000113928
-0.000154581
-0.000547866
-0.00126652
-0.00227784
-0.00370063
-0.00570678
-0.00821338
-0.0111292
-0.0141862
-0.017167
-0.0198496
-0.0221773
-0.0243624
-0.0265658
-0.0292897
-0.0337357
-0.0383694
-0.0420492
-0.0439008
0.000116967
-0.000139918
-0.00051334
-0.00119096
-0.00213178
-0.00352265
-0.00550007
-0.00798492
-0.0108597
-0.0138495
-0.0167466
-0.0194062
-0.0217702
-0.0240948
-0.0266994
-0.0302522
-0.0355693
-0.0406515
-0.0443388
-0.0459304
6.6809e-05
-8.21139e-05
-0.000457627
-0.00107939
-0.00197128
-0.00334712
-0.00528744
-0.00774589
-0.0105486
-0.0134588
-0.0162806
-0.0189155
-0.0213609
-0.0238832
-0.027045
-0.031878
-0.0377031
-0.042885
-0.0463674
-0.0475879
7.45769e-05
-4.26374e-06
-0.000381994
-0.000953742
-0.00183143
-0.00319621
-0.00509131
-0.00748029
-0.0101932
-0.0130221
-0.0157907
-0.0184193
-0.0209945
-0.0238393
-0.0277479
-0.033749
-0.0398732
-0.0448729
-0.0479859
-0.0487991
0.000185794
6.36615e-05
-0.000296025
-0.000847139
-0.0017274
-0.00307612
-0.00490067
-0.00717226
-0.0097791
-0.0125513
-0.0153051
-0.0179846
-0.0207512
-0.024096
-0.0292093
-0.0357343
-0.0418063
-0.0464274
-0.0490969
-0.0495311
0.000309137
0.000128004
-0.00021316
-0.000773308
-0.0016527
-0.0029603
-0.00467375
-0.00681419
-0.00931955
-0.0120727
-0.0148705
-0.0176879
-0.0207719
-0.0248107
-0.030995
-0.0376241
-0.043328
-0.0474412
-0.0496704
-0.0498002
0.000374941
0.000214312
-0.000139066
-0.000720195
-0.00159759
-0.00281784
-0.00439466
-0.00640965
-0.00885369
-0.0116288
-0.0145587
-0.0176232
-0.0212078
-0.0262899
-0.0328033
-0.0391585
-0.0443237
-0.0478999
-0.0497527
-0.0496803
0.000429406
0.000314436
-6.56388e-05
-0.00066825
-0.00154429
-0.00265969
-0.00410866
-0.00601222
-0.00843229
-0.0112688
-0.014421
-0.0178829
-0.0221274
-0.0280601
-0.0344373
-0.0402186
-0.0447791
-0.0478898
-0.049482
-0.0493219
0.000507421
0.000398036
9.09633e-06
-0.0006083
-0.0014666
-0.00252295
-0.00389618
-0.00573353
-0.00812983
-0.0110366
-0.0144459
-0.0184426
-0.0234792
-0.0296425
-0.0356469
-0.0407976
-0.0448323
-0.0476382
-0.049118
-0.0489713
0.000583473
0.000458406
7.13299e-05
-0.000548863
-0.00137778
-0.0024405
-0.00382083
-0.00565908
-0.00802996
-0.0109763
-0.0145968
-0.0190838
-0.0246628
-0.0306801
-0.036259
-0.0409642
-0.044716
-0.0474406
-0.0489593
-0.0488974
0.000646594
0.000502712
0.000111828
-0.00051508
-0.0013493
-0.00245798
-0.00391195
-0.00580788
-0.0081802
-0.0111262
-0.0148415
-0.0195601
-0.0251859
-0.0309016
-0.0361691
-0.040737
-0.0445314
-0.0474301
-0.0491584
-0.0492735
0.000716851
0.000528616
0.000117068
-0.000540438
-0.00143909
-0.00263214
-0.0042013
-0.00619272
-0.00859788
-0.0115113
-0.015154
-0.0197046
-0.0248963
-0.0301745
-0.0352406
-0.0399178
-0.0440432
-0.0473842
-0.0495617
-0.0500475
0.000818272
0.00054399
6.20316e-05
-0.000665582
-0.00166294
-0.00299131
-0.00471743
-0.00684035
-0.00930834
-0.0121638
-0.0155547
-0.0195347
-0.0239225
-0.0285308
-0.0333102
-0.0381202
-0.0426968
-0.0466733
-0.0495492
-0.0506809
0.000948041
0.000575968
-4.4516e-05
-0.00091073
-0.00203742
-0.00352985
-0.00545073
-0.00774474
-0.0103218
-0.0131228
-0.0161516
-0.0193631
-0.0227106
-0.0262987
-0.0303743
-0.0349611
-0.0397562
-0.0442766
-0.0478984
-0.0498689
0.00104415
0.000623054
-0.000161919
-0.00121532
-0.00253856
-0.00421981
-0.0063614
-0.00885843
-0.011608
-0.0144389
-0.0172101
-0.0197454
-0.0220069
-0.0241882
-0.0268046
-0.0303313
-0.0346367
-0.0391572
-0.0431736
-0.0458934
0.00102789
0.000626551
-0.000277439
-0.00148618
-0.00305295
-0.00498716
-0.0073692
-0.0101038
-0.0131131
-0.0161801
-0.0190017
-0.0212135
-0.0226113
-0.0232915
-0.0238237
-0.0252284
-0.0279498
-0.0314346
-0.0350181
-0.0381717
0.000888326
0.000536015
-0.000402291
-0.00171757
-0.00350417
-0.00572247
-0.00833937
-0.011347
-0.014716
-0.0182372
-0.0214451
-0.0237218
-0.0246132
-0.0243552
-0.0236233
-0.0231604
-0.0233935
-0.0243117
-0.0257501
-0.0276687
0.000667542
0.000368849
-0.000534203
-0.00196794
-0.00392413
-0.00634144
-0.00915572
-0.012447
-0.0161841
-0.0201443
-0.023862
-0.0266466
-0.0277974
-0.0273398
-0.0257986
-0.0238215
-0.0219813
-0.0207017
-0.0203438
-0.0213194
0.000433828
0.000178574
-0.000688143
-0.00225733
-0.0042965
-0.00678206
-0.00977541
-0.0133389
-0.0173188
-0.0214637
-0.0254976
-0.0290563
-0.0314924
-0.0320874
-0.0309322
-0.0285288
-0.0255744
-0.0229638
-0.0214608
-0.0215909
0.000239081
1.00628e-05
-0.000903753
-0.00252546
-0.00451386
-0.00700945
-0.010199
-0.0140112
-0.0181377
-0.0223753
-0.0265795
-0.0305275
-0.0339043
-0.0363457
-0.0374404
-0.0365917
-0.0339186
-0.0311948
-0.0296033
-0.0293249
0.000114143
-0.000117734
-0.00113836
-0.00264683
-0.00453155
-0.00710752
-0.0104816
-0.0144619
-0.0187608
-0.0233017
-0.0279645
-0.0324481
-0.0363617
-0.0392754
-0.0409099
-0.0413707
-0.0411793
-0.0410352
-0.0412146
-0.0412292
0.000146763
-0.000207446
-0.00125944
-0.00259075
-0.00445969
-0.00718904
-0.0106652
-0.0146865
-0.0192054
-0.0242476
-0.0295787
-0.0347262
-0.0393107
-0.0431401
-0.0462117
-0.0485759
-0.0502103
-0.0510249
-0.0509547
-0.0497787
0.000220409
-0.000259256
-0.00125536
-0.00251021
-0.00443129
-0.007247
-0.0107272
-0.01473
-0.0194006
-0.0248086
-0.0306566
-0.0365449
-0.0423903
-0.0482453
-0.0539552
-0.0591137
-0.0629888
-0.064677
-0.0633126
-0.0583763
-0.0287827
-0.027112
-0.0254042
-0.0240783
-0.0232471
-0.0228465
-0.0227396
-0.0227728
-0.0228739
-0.0229959
-0.0231391
-0.0233615
-0.0236707
-0.0240485
-0.0244454
-0.0248661
-0.0252663
-0.0256332
-0.0259666
-0.0263073
-0.0266876
-0.0271013
-0.0275949
-0.028152
-0.0287917
-0.0294088
-0.0299188
-0.0302319
-0.0302549
-0.0300398
-0.0295921
-0.0290533
-0.0284837
-0.0279034
-0.0274106
-0.0269456
-0.026519
-0.0261851
-0.0259255
-0.0256943
-0.0254698
-0.0252714
-0.0250721
-0.0248701
-0.0247028
-0.024536
-0.0243462
-0.0241843
-0.0240061
-0.0237942
-0.0236194
-0.023446
-0.0232588
-0.0230512
-0.0228297
-0.0226671
-0.0224774
-0.0222453
-0.0220526
-0.0218311
-0.0216326
-0.0214696
-0.0211998
-0.0209466
-0.0207962
-0.0205781
-0.0203004
-0.0200502
-0.019817
-0.0196169
-0.0193684
-0.0190365
-0.0187788
-0.0185792
-0.0182847
-0.0179569
-0.0176816
-0.0174043
-0.0170957
-0.0167791
-0.0164591
-0.0161421
-0.0158156
-0.0154704
-0.0151235
-0.0147792
-0.014419
-0.01405
-0.0136781
-0.0133014
-0.0129133
-0.0125187
-0.0121226
-0.0117153
-0.0113121
-0.0109011
-0.0105069
-0.0101199
-0.00978941
-0.00949833
-0.0289513
-0.0273201
-0.0255806
-0.0242191
-0.0233592
-0.0229292
-0.0227979
-0.0228169
-0.0229082
-0.0230266
-0.0231713
-0.0233959
-0.0237066
-0.0240835
-0.0244796
-0.0248998
-0.0252986
-0.025664
-0.025995
-0.0263314
-0.0267072
-0.0271162
-0.0276025
-0.0281491
-0.0287755
-0.0293798
-0.0298806
-0.0301867
-0.0302104
-0.0300047
-0.0295663
-0.0290362
-0.0284725
-0.027895
-0.0274038
-0.0269404
-0.0265157
-0.0261829
-0.0259243
-0.0256928
-0.0254676
-0.0252691
-0.0250703
-0.0248685
-0.0247011
-0.0245343
-0.024344
-0.0241823
-0.0240048
-0.0237926
-0.0236177
-0.0234442
-0.0232572
-0.0230501
-0.0228283
-0.0226655
-0.0224763
-0.0222444
-0.0220516
-0.0218299
-0.0216317
-0.0214692
-0.0211989
-0.0209455
-0.0207956
-0.0205777
-0.0202999
-0.0200496
-0.0198164
-0.0196166
-0.0193682
-0.019036
-0.0187784
-0.0185791
-0.0182845
-0.0179565
-0.0176814
-0.0174042
-0.0170955
-0.016779
-0.016459
-0.016142
-0.0158155
-0.0154704
-0.0151234
-0.0147791
-0.014419
-0.01405
-0.013678
-0.0133014
-0.0129133
-0.0125187
-0.0121226
-0.0117153
-0.0113121
-0.010901
-0.0105068
-0.0101198
-0.00978916
-0.00949814
-0.029188
-0.0275984
-0.0258236
-0.0244136
-0.0235091
-0.0230303
-0.0228554
-0.0228489
-0.0229262
-0.0230409
-0.023193
-0.0234269
-0.0237442
-0.0241242
-0.024522
-0.0249432
-0.0253413
-0.0257044
-0.0260339
-0.0263655
-0.0267342
-0.0271344
-0.0276075
-0.0281363
-0.0287378
-0.0293191
-0.0298015
-0.0300948
-0.0301188
-0.0299271
-0.0295089
-0.0289963
-0.0284465
-0.027878
-0.0273901
-0.0269294
-0.0265094
-0.0261804
-0.0259229
-0.0256919
-0.025466
-0.0252669
-0.0250682
-0.0248669
-0.0246995
-0.0245327
-0.0243421
-0.0241793
-0.0240023
-0.0237912
-0.0236158
-0.0234414
-0.0232544
-0.0230482
-0.0228268
-0.0226634
-0.0224737
-0.0222425
-0.0220504
-0.0218281
-0.0216295
-0.0214677
-0.0211977
-0.0209441
-0.020794
-0.020576
-0.0202988
-0.0200488
-0.0198151
-0.0196153
-0.0193674
-0.0190352
-0.0187775
-0.0185783
-0.0182838
-0.0179559
-0.0176809
-0.0174037
-0.0170951
-0.0167786
-0.0164586
-0.0161417
-0.0158153
-0.0154701
-0.0151232
-0.014779
-0.0144188
-0.0140498
-0.0136779
-0.0133013
-0.0129132
-0.0125186
-0.0121226
-0.0117152
-0.011312
-0.0109008
-0.0105067
-0.0101193
-0.0097881
-0.0094973
-0.0294251
-0.0278777
-0.0260892
-0.024638
-0.0236823
-0.0231403
-0.0229038
-0.0228572
-0.0229155
-0.0230269
-0.0231917
-0.0234433
-0.0237728
-0.0241604
-0.0245635
-0.0249878
-0.0253842
-0.0257454
-0.026075
-0.0264011
-0.0267594
-0.0271475
-0.0276052
-0.0281079
-0.028678
-0.0292292
-0.0296867
-0.0299679
-0.0299922
-0.0298197
-0.0294292
-0.0289399
-0.0284095
-0.027854
-0.0273725
-0.0269158
-0.0265037
-0.0261777
-0.025919
-0.0256897
-0.0254641
-0.0252654
-0.0250663
-0.0248643
-0.0246964
-0.0245298
-0.0243409
-0.024175
-0.0239974
-0.0237902
-0.023613
-0.0234371
-0.0232503
-0.0230438
-0.0228254
-0.0226615
-0.022468
-0.0222386
-0.0220496
-0.021826
-0.0216254
-0.021464
-0.0211963
-0.0209431
-0.0207907
-0.020572
-0.0202969
-0.0200481
-0.019813
-0.0196121
-0.0193654
-0.0190343
-0.018776
-0.0185762
-0.0182821
-0.0179548
-0.0176797
-0.0174024
-0.017094
-0.0167777
-0.0164577
-0.0161408
-0.0158145
-0.0154694
-0.0151226
-0.0147784
-0.0144183
-0.0140494
-0.0136775
-0.0133009
-0.0129129
-0.0125183
-0.0121224
-0.0117149
-0.0113118
-0.0109004
-0.0105062
-0.0101186
-0.00978582
-0.00949545
-0.0296208
-0.0281292
-0.0263674
-0.0248994
-0.0238911
-0.023273
-0.0229559
-0.0228501
-0.0228789
-0.0229862
-0.0231696
-0.023447
-0.0237962
-0.0241963
-0.0246101
-0.0250377
-0.0254304
-0.02579
-0.0261183
-0.0264369
-0.0267801
-0.0271556
-0.0275951
-0.0280658
-0.0286017
-0.0291182
-0.0295487
-0.0298186
-0.0298465
-0.0296985
-0.0293418
-0.0288801
-0.0283704
-0.0278285
-0.0273536
-0.026904
-0.0265029
-0.0261785
-0.0259166
-0.0256876
-0.0254617
-0.0252636
-0.0250647
-0.0248633
-0.0246935
-0.0245262
-0.02434
-0.0241686
-0.0239909
-0.0237906
-0.0236098
-0.0234311
-0.0232443
-0.023038
-0.0228251
-0.0226587
-0.0224593
-0.0222339
-0.0220488
-0.0218235
-0.0216196
-0.021458
-0.0211947
-0.0209426
-0.0207857
-0.0205657
-0.0202941
-0.0200475
-0.0198101
-0.0196066
-0.0193619
-0.0190334
-0.0187739
-0.0185723
-0.0182793
-0.0179532
-0.0176777
-0.0174
-0.017092
-0.0167761
-0.0164561
-0.0161392
-0.0158131
-0.0154682
-0.0151215
-0.0147773
-0.0144174
-0.0140485
-0.0136768
-0.0133002
-0.0129124
-0.0125176
-0.0121219
-0.0117143
-0.0113113
-0.0108997
-0.0105053
-0.0101175
-0.00978222
-0.00949246
-0.0297628
-0.0283479
-0.0266638
-0.025212
-0.0241526
-0.0234449
-0.0230285
-0.0228431
-0.0228277
-0.0229291
-0.0231364
-0.0234474
-0.0238233
-0.0242419
-0.0246696
-0.0250992
-0.0254864
-0.025841
-0.026165
-0.0264717
-0.0267984
-0.0271591
-0.0275767
-0.0280156
-0.0285155
-0.0289978
-0.0293996
-0.0296576
-0.0296926
-0.0295708
-0.0292533
-0.0288227
-0.0283349
-0.0278062
-0.0273352
-0.0268935
-0.0265047
-0.026183
-0.0259175
-0.0256872
-0.0254597
-0.0252605
-0.0250622
-0.0248626
-0.024691
-0.0245236
-0.0243389
-0.0241604
-0.0239837
-0.0237916
-0.0236068
-0.0234239
-0.0232363
-0.0230323
-0.0228258
-0.0226544
-0.0224487
-0.0222289
-0.0220479
-0.0218205
-0.0216125
-0.0214504
-0.0211931
-0.0209422
-0.0207792
-0.0205576
-0.0202909
-0.020047
-0.0198063
-0.0195995
-0.0193575
-0.0190327
-0.018771
-0.0185669
-0.0182756
-0.0179512
-0.017675
-0.0173968
-0.0170894
-0.0167739
-0.0164539
-0.016137
-0.0158111
-0.0154665
-0.0151199
-0.0147758
-0.0144161
-0.0140473
-0.0136758
-0.0132991
-0.0129116
-0.0125167
-0.0121213
-0.0117134
-0.0113106
-0.0108987
-0.0105039
-0.010116
-0.00977751
-0.00948848
-0.0298267
-0.0285379
-0.0269834
-0.0255805
-0.0244729
-0.0236621
-0.0231307
-0.0228478
-0.0227746
-0.0228667
-0.0231015
-0.0234506
-0.0238579
-0.0243014
-0.0247429
-0.0251733
-0.0255534
-0.0259004
-0.0262162
-0.0265076
-0.026818
-0.0271572
-0.0275502
-0.0279595
-0.0284244
-0.0288761
-0.0292477
-0.029494
-0.0295361
-0.0294383
-0.0291623
-0.0287656
-0.0283034
-0.0277898
-0.0273209
-0.0268835
-0.026505
-0.0261877
-0.0259188
-0.0256877
-0.0254592
-0.0252577
-0.0250591
-0.0248591
-0.0246875
-0.0245216
-0.0243372
-0.024152
-0.0239764
-0.0237921
-0.0236031
-0.023415
-0.0232276
-0.023027
-0.0228259
-0.0226492
-0.0224375
-0.0222234
-0.0220465
-0.0218171
-0.0216049
-0.0214422
-0.0211913
-0.0209416
-0.0207717
-0.0205488
-0.0202875
-0.0200463
-0.0198018
-0.0195914
-0.0193527
-0.0190318
-0.0187677
-0.0185608
-0.0182716
-0.017949
-0.0176719
-0.0173931
-0.0170865
-0.0167714
-0.0164514
-0.0161345
-0.0158088
-0.0154645
-0.0151181
-0.014774
-0.0144145
-0.0140458
-0.0136746
-0.0132978
-0.0129105
-0.0125155
-0.0121204
-0.0117123
-0.0113097
-0.0108975
-0.0105021
-0.0101141
-0.00977204
-0.00948381
-0.0298065
-0.0287063
-0.0273235
-0.0259942
-0.0248405
-0.0239151
-0.0232549
-0.0228617
-0.0227206
-0.0228003
-0.0230635
-0.0234525
-0.0238966
-0.0243696
-0.0248269
-0.0252568
-0.0256297
-0.0259679
-0.0262716
-0.0265469
-0.0268369
-0.0271486
-0.0275141
-0.0278949
-0.0283276
-0.0287502
-0.0290962
-0.0293336
-0.0293815
-0.0293049
-0.0290669
-0.0287033
-0.0282689
-0.0277744
-0.0273111
-0.026876
-0.0265041
-0.0261894
-0.0259161
-0.0256858
-0.0254585
-0.0252561
-0.0250561
-0.0248539
-0.0246818
-0.0245171
-0.0243345
-0.024144
-0.0239685
-0.0237928
-0.0235984
-0.023404
-0.0232192
-0.0230213
-0.0228247
-0.0226439
-0.0224262
-0.0222171
-0.0220442
-0.0218132
-0.0215974
-0.0214337
-0.0211888
-0.0209404
-0.0207638
-0.0205397
-0.0202839
-0.0200453
-0.0197971
-0.019583
-0.0193475
-0.0190309
-0.0187641
-0.0185543
-0.0182673
-0.0179467
-0.0176684
-0.0173891
-0.0170833
-0.0167686
-0.0164486
-0.0161316
-0.0158063
-0.0154623
-0.0151161
-0.0147719
-0.0144127
-0.0140441
-0.0136732
-0.0132963
-0.0129094
-0.0125142
-0.0121194
-0.0117111
-0.0113085
-0.0108962
-0.0104999
-0.0101118
-0.00976618
-0.00947868
-0.029848
-0.0288783
-0.0276859
-0.0264381
-0.0252331
-0.0241818
-0.0233804
-0.0228688
-0.0226552
-0.0227239
-0.0230155
-0.0234481
-0.0239356
-0.0244434
-0.0249208
-0.0253485
-0.0257136
-0.0260388
-0.0263275
-0.0265849
-0.02685
-0.0271339
-0.0274693
-0.0278218
-0.0282208
-0.0286148
-0.0289431
-0.0291756
-0.0292318
-0.0291752
-0.0289694
-0.0286323
-0.0282226
-0.0277512
-0.0272985
-0.0268709
-0.0265054
-0.026189
-0.0259092
-0.0256791
-0.0254549
-0.0252521
-0.0250515
-0.0248493
-0.0246743
-0.0245092
-0.0243316
-0.0241357
-0.0239584
-0.0237922
-0.0235934
-0.023393
-0.0232097
-0.0230137
-0.0228226
-0.0226384
-0.0224142
-0.0222101
-0.022041
-0.0218087
-0.0215894
-0.0214243
-0.0211857
-0.020939
-0.0207553
-0.0205298
-0.0202797
-0.0200439
-0.0197922
-0.019574
-0.0193416
-0.0190297
-0.0187604
-0.0185471
-0.0182625
-0.0179441
-0.0176647
-0.0173847
-0.0170799
-0.0167656
-0.0164455
-0.0161286
-0.0158036
-0.0154598
-0.0151139
-0.0147697
-0.0144108
-0.0140422
-0.0136716
-0.0132946
-0.0129081
-0.0125128
-0.0121182
-0.0117098
-0.0113071
-0.0108948
-0.0104974
-0.0101091
-0.00976011
-0.0094731
-0.0299645
-0.0291068
-0.0280975
-0.0269037
-0.0256248
-0.0244325
-0.0234819
-0.0228511
-0.0225715
-0.0226362
-0.0229602
-0.0234425
-0.0239798
-0.0245278
-0.0250266
-0.025452
-0.0258049
-0.0261096
-0.0263802
-0.0266163
-0.0268601
-0.0271191
-0.0274243
-0.0277481
-0.0281056
-0.0284706
-0.0287829
-0.029013
-0.029085
-0.0290492
-0.0288747
-0.028557
-0.0281667
-0.0277186
-0.0272762
-0.0268615
-0.0265065
-0.0261907
-0.025904
-0.0256703
-0.0254475
-0.0252428
-0.0250447
-0.0248452
-0.0246657
-0.0245011
-0.0243291
-0.0241281
-0.0239474
-0.0237877
-0.0235878
-0.0233841
-0.0231996
-0.0230044
-0.0228206
-0.0226328
-0.0224012
-0.0222022
-0.0220379
-0.0218047
-0.0215805
-0.0214131
-0.0211829
-0.0209385
-0.0207458
-0.0205187
-0.0202753
-0.0200427
-0.0197869
-0.0195641
-0.0193351
-0.0190285
-0.0187565
-0.0185393
-0.0182573
-0.0179414
-0.0176607
-0.0173799
-0.0170761
-0.0167624
-0.0164422
-0.0161252
-0.0158007
-0.0154572
-0.0151115
-0.0147673
-0.0144088
-0.0140402
-0.01367
-0.0132929
-0.0129067
-0.0125114
-0.012117
-0.0117085
-0.0113055
-0.0108933
-0.0104945
-0.0101061
-0.00975391
-0.00946705
-0.0301467
-0.0294948
-0.0286075
-0.0273807
-0.0259751
-0.0246236
-0.023526
-0.0227906
-0.0224664
-0.0225408
-0.022906
-0.0234442
-0.0240366
-0.0246269
-0.0251458
-0.0255707
-0.0259069
-0.0261831
-0.0264287
-0.0266417
-0.0268691
-0.0271055
-0.0273837
-0.0276797
-0.0279919
-0.0283255
-0.0286152
-0.0288424
-0.0289351
-0.0289222
-0.0287817
-0.0284823
-0.0281094
-0.0276815
-0.0272451
-0.0268418
-0.0264997
-0.0261933
-0.0259045
-0.0256648
-0.0254377
-0.0252283
-0.0250371
-0.0248403
-0.0246562
-0.0244933
-0.0243241
-0.0241211
-0.0239394
-0.0237823
-0.0235803
-0.023374
-0.0231893
-0.0229964
-0.0228186
-0.0226264
-0.0223876
-0.0221934
-0.0220348
-0.021802
-0.0215711
-0.0214
-0.0211802
-0.0209392
-0.0207357
-0.0205063
-0.020271
-0.0200418
-0.0197814
-0.0195535
-0.0193282
-0.0190274
-0.0187524
-0.0185309
-0.0182518
-0.0179387
-0.0176564
-0.0173747
-0.0170722
-0.0167591
-0.0164387
-0.0161217
-0.0157977
-0.0154544
-0.015109
-0.0147647
-0.0144066
-0.0140381
-0.0136682
-0.0132911
-0.0129052
-0.0125098
-0.0121155
-0.0117072
-0.0113037
-0.0108917
-0.0104913
-0.0101029
-0.0097476
-0.00946051
-0.0309208
-0.0302435
-0.0292574
-0.0278439
-0.026231
-0.024701
-0.0234714
-0.0226666
-0.0223305
-0.0224344
-0.0228516
-0.0234526
-0.0241063
-0.0247386
-0.0252793
-0.0257057
-0.0260256
-0.0262657
-0.0264748
-0.0266616
-0.0268683
-0.0270839
-0.0273398
-0.0276144
-0.0278905
-0.0281897
-0.0284509
-0.0286708
-0.0287805
-0.0287869
-0.0286797
-0.0284033
-0.0280502
-0.0276426
-0.0272121
-0.026818
-0.0264857
-0.0261909
-0.0259057
-0.0256615
-0.0254275
-0.0252105
-0.025027
-0.0248357
-0.0246484
-0.0244849
-0.0243138
-0.02411
-0.0239329
-0.0237815
-0.0235737
-0.0233587
-0.0231758
-0.0229901
-0.0228166
-0.0226181
-0.0223742
-0.0221844
-0.0220297
-0.0217987
-0.0215622
-0.0213856
-0.0211762
-0.0209399
-0.020725
-0.0204928
-0.0202661
-0.0200407
-0.0197753
-0.0195421
-0.0193207
-0.0190261
-0.018748
-0.0185218
-0.0182458
-0.0179357
-0.0176518
-0.017369
-0.017068
-0.0167555
-0.0164349
-0.0161178
-0.0157943
-0.0154513
-0.0151063
-0.0147619
-0.0144042
-0.0140358
-0.0136663
-0.013289
-0.0129035
-0.0125081
-0.0121138
-0.0117057
-0.0113016
-0.01089
-0.0104877
-0.0100992
-0.00974116
-0.00945351
-0.0323067
-0.0314399
-0.0300572
-0.0282558
-0.0263445
-0.0246181
-0.0232833
-0.0224545
-0.022145
-0.0223023
-0.0227851
-0.0234604
-0.0241839
-0.0248608
-0.0254266
-0.0258557
-0.0261607
-0.0263585
-0.0265209
-0.026674
-0.0268504
-0.0270457
-0.0272819
-0.027545
-0.0277986
-0.0280682
-0.0283032
-0.0285117
-0.0286307
-0.0286433
-0.0285622
-0.0283115
-0.0279802
-0.0275988
-0.0271796
-0.0267996
-0.026474
-0.026184
-0.0259026
-0.0256543
-0.0254181
-0.0251935
-0.0250124
-0.0248303
-0.0246443
-0.0244792
-0.0243021
-0.0240935
-0.0239219
-0.0237812
-0.0235717
-0.0233444
-0.023159
-0.0229826
-0.0228139
-0.0226078
-0.0223616
-0.0221767
-0.0220221
-0.0217931
-0.0215534
-0.0213711
-0.0211718
-0.0209402
-0.0207132
-0.0204783
-0.0202608
-0.0200391
-0.0197687
-0.01953
-0.0193124
-0.0190245
-0.0187433
-0.018512
-0.0182392
-0.0179325
-0.0176468
-0.0173629
-0.0170635
-0.0167515
-0.0164307
-0.0161135
-0.0157907
-0.015448
-0.0151033
-0.0147588
-0.0144016
-0.0140333
-0.0136641
-0.0132869
-0.0129017
-0.0125064
-0.012112
-0.0117042
-0.0112993
-0.0108881
-0.0104839
-0.0100951
-0.00973456
-0.00944605
-0.0344649
-0.0330456
-0.0309473
-0.028576
-0.0262845
-0.0243475
-0.022937
-0.0221262
-0.0218832
-0.0221224
-0.0226938
-0.0234601
-0.0242623
-0.0249901
-0.0255813
-0.0260117
-0.026299
-0.026454
-0.0265681
-0.0266791
-0.0268208
-0.0269929
-0.0272061
-0.0274599
-0.0276959
-0.0279486
-0.0281695
-0.0283694
-0.0284972
-0.0285037
-0.0284363
-0.0282055
-0.0278916
-0.0275394
-0.0271384
-0.0267828
-0.026466
-0.0261777
-0.0258993
-0.0256425
-0.0254063
-0.025178
-0.0249961
-0.0248197
-0.024636
-0.024475
-0.0242949
-0.0240792
-0.0239063
-0.0237714
-0.0235683
-0.0233369
-0.0231442
-0.0229723
-0.0228082
-0.0225952
-0.0223489
-0.0221695
-0.0220139
-0.0217869
-0.0215436
-0.0213552
-0.0211673
-0.0209406
-0.0207003
-0.0204631
-0.0202552
-0.0200369
-0.019762
-0.0195177
-0.0193032
-0.0190224
-0.0187387
-0.0185018
-0.0182321
-0.017929
-0.0176415
-0.0173563
-0.0170586
-0.0167473
-0.0164263
-0.016109
-0.0157869
-0.0154444
-0.0151001
-0.0147557
-0.0143989
-0.0140307
-0.0136618
-0.0132848
-0.0128996
-0.0125047
-0.0121099
-0.0117026
-0.0112968
-0.0108859
-0.0104799
-0.0100906
-0.00972776
-0.00943816
-0.036627
-0.0347291
-0.0318326
-0.0287853
-0.0260527
-0.0238945
-0.0224273
-0.021666
-0.0215261
-0.0218839
-0.0225773
-0.023452
-0.02434
-0.0251228
-0.0257403
-0.026169
-0.0264325
-0.0265492
-0.0266185
-0.0266846
-0.0267894
-0.0269338
-0.0271175
-0.0273547
-0.0275717
-0.0278152
-0.0280352
-0.0282348
-0.0283789
-0.0283807
-0.0283147
-0.028093
-0.0277873
-0.0274591
-0.0270826
-0.0267597
-0.0264554
-0.0261701
-0.0258981
-0.0256317
-0.0253902
-0.0251608
-0.0249839
-0.0248085
-0.0246185
-0.0244629
-0.0242882
-0.0240743
-0.0238962
-0.0237529
-0.023556
-0.0233305
-0.0231333
-0.0229619
-0.0227996
-0.0225815
-0.0223362
-0.0221603
-0.0220044
-0.0217821
-0.0215337
-0.0213366
-0.0211614
-0.0209409
-0.020687
-0.0204477
-0.020249
-0.020033
-0.0197545
-0.0195055
-0.0192933
-0.0190193
-0.0187337
-0.018491
-0.0182243
-0.0179251
-0.0176359
-0.0173492
-0.0170533
-0.0167428
-0.0164215
-0.0161042
-0.0157828
-0.0154407
-0.0150967
-0.0147523
-0.0143959
-0.0140279
-0.0136592
-0.0132825
-0.0128973
-0.0125028
-0.0121076
-0.0117009
-0.011294
-0.0108834
-0.0104757
-0.0100855
-0.00972075
-0.00942996
-0.0387966
-0.0363454
-0.0326389
-0.0288873
-0.025687
-0.0232994
-0.0217806
-0.021088
-0.0210798
-0.0215944
-0.0224413
-0.0234366
-0.0244158
-0.0252561
-0.025908
-0.0263344
-0.0265702
-0.0266509
-0.0266744
-0.0266946
-0.026754
-0.0268697
-0.0270236
-0.0272409
-0.0274424
-0.0276722
-0.0278935
-0.0280926
-0.0282562
-0.0282657
-0.0281967
-0.0279833
-0.0276802
-0.0273666
-0.0270179
-0.0267302
-0.026441
-0.0261568
-0.0258905
-0.025618
-0.0253711
-0.0251427
-0.0249753
-0.0248031
-0.0246018
-0.0244408
-0.0242696
-0.0240695
-0.0238944
-0.0237366
-0.0235392
-0.02332
-0.0231215
-0.0229523
-0.0227893
-0.0225665
-0.0223258
-0.0221494
-0.0219893
-0.0217771
-0.0215269
-0.0213172
-0.0211531
-0.0209402
-0.0206727
-0.0204322
-0.0202432
-0.0200276
-0.0197455
-0.0194937
-0.0192834
-0.0190153
-0.0187281
-0.01848
-0.018216
-0.0179208
-0.0176299
-0.0173417
-0.0170478
-0.0167381
-0.0164164
-0.0160991
-0.0157785
-0.0154367
-0.015093
-0.0147487
-0.0143925
-0.0140249
-0.0136563
-0.01328
-0.0128946
-0.0125007
-0.012105
-0.0116989
-0.011291
-0.0108805
-0.0104713
-0.0100799
-0.00971355
-0.00942141
-0.0409519
-0.0378324
-0.0333327
-0.0289051
-0.0252471
-0.0226276
-0.0210566
-0.0204411
-0.0205816
-0.0212743
-0.0222889
-0.0234096
-0.0244845
-0.0253895
-0.0260877
-0.0265179
-0.0267274
-0.0267705
-0.0267422
-0.0267107
-0.0267109
-0.0267963
-0.0269262
-0.0271293
-0.0273275
-0.0275388
-0.0277572
-0.0279431
-0.0281138
-0.0281376
-0.0280689
-0.0278773
-0.0275801
-0.0272731
-0.0269493
-0.0266926
-0.0264263
-0.0261457
-0.0258793
-0.0255958
-0.0253443
-0.025124
-0.0249623
-0.0247966
-0.0245946
-0.0244221
-0.024242
-0.0240531
-0.0238892
-0.0237242
-0.0235264
-0.023309
-0.0231067
-0.0229427
-0.0227762
-0.0225449
-0.0223167
-0.0221421
-0.0219694
-0.0217683
-0.0215224
-0.0212978
-0.0211428
-0.0209389
-0.0206564
-0.0204151
-0.0202385
-0.0200222
-0.0197345
-0.0194809
-0.0192735
-0.0190108
-0.0187219
-0.0184683
-0.0182071
-0.0179162
-0.0176235
-0.0173338
-0.0170417
-0.0167329
-0.0164108
-0.0160936
-0.0157737
-0.0154323
-0.0150888
-0.0147447
-0.0143889
-0.0140217
-0.0136532
-0.0132774
-0.0128918
-0.0124986
-0.0121023
-0.0116968
-0.0112879
-0.0108772
-0.0104667
-0.0100738
-0.00970603
-0.00941246
-0.0428871
-0.0391249
-0.0339028
-0.0288717
-0.0247982
-0.0219575
-0.0203393
-0.0198028
-0.0200956
-0.02096
-0.0221334
-0.0233772
-0.0245503
-0.0255269
-0.0262715
-0.0267136
-0.0269043
-0.0269148
-0.026834
-0.0267453
-0.0266765
-0.0267185
-0.0268227
-0.0270129
-0.0272214
-0.027428
-0.0276495
-0.0278166
-0.0279711
-0.0279964
-0.0279233
-0.0277605
-0.0274788
-0.0271812
-0.0268789
-0.0266425
-0.0264076
-0.0261438
-0.0258818
-0.0255803
-0.0253108
-0.0250992
-0.024938
-0.0247799
-0.0245926
-0.0244133
-0.0242212
-0.024032
-0.0238734
-0.0237095
-0.0235148
-0.0232992
-0.0230923
-0.0229332
-0.0227641
-0.0225192
-0.0223033
-0.0221381
-0.0219504
-0.021755
-0.0215163
-0.0212784
-0.0211317
-0.0209385
-0.0206403
-0.0203956
-0.0202327
-0.0200173
-0.0197237
-0.0194675
-0.0192622
-0.0190055
-0.0187158
-0.0184564
-0.0181974
-0.017911
-0.0176168
-0.0173252
-0.0170351
-0.0167273
-0.0164048
-0.0160875
-0.0157684
-0.0154276
-0.0150843
-0.0147406
-0.0143849
-0.0140184
-0.0136498
-0.0132747
-0.0128889
-0.0124963
-0.0120994
-0.0116943
-0.0112846
-0.0108733
-0.0104617
-0.0100671
-0.00969812
-0.0094033
-0.0444852
-0.0401596
-0.034338
-0.0288105
-0.0243909
-0.0213593
-0.0197062
-0.019247
-0.0196818
-0.0206936
-0.0220019
-0.0233581
-0.0246205
-0.0256594
-0.0264318
-0.026887
-0.0270732
-0.0270691
-0.0269499
-0.0268084
-0.0266745
-0.0266539
-0.026719
-0.0268842
-0.0271036
-0.0273274
-0.0275671
-0.02773
-0.0278557
-0.0278639
-0.0277693
-0.0276167
-0.0273568
-0.0270836
-0.0268101
-0.0265827
-0.0263714
-0.0261307
-0.0258871
-0.0255834
-0.0252898
-0.0250721
-0.0249017
-0.0247531
-0.0245878
-0.0244022
-0.0242054
-0.0240136
-0.0238521
-0.0236921
-0.0234959
-0.0232848
-0.0230812
-0.0229181
-0.0227494
-0.0225
-0.0222862
-0.0221285
-0.0219336
-0.0217397
-0.0215076
-0.021261
-0.0211192
-0.0209351
-0.0206249
-0.0203772
-0.0202245
-0.0200095
-0.0197135
-0.0194558
-0.0192493
-0.0189975
-0.0187096
-0.0184448
-0.0181864
-0.0179045
-0.0176094
-0.0173161
-0.0170278
-0.0167211
-0.0163982
-0.0160812
-0.0157628
-0.0154228
-0.0150797
-0.0147364
-0.0143808
-0.014015
-0.0136463
-0.0132718
-0.0128856
-0.0124935
-0.0120962
-0.0116913
-0.011281
-0.010869
-0.0104565
-0.0100601
-0.00969
-0.0093939
-0.0457012
-0.0409091
-0.0346337
-0.0287372
-0.0240612
-0.0208876
-0.0192155
-0.0188291
-0.0193882
-0.0205242
-0.0219418
-0.0233885
-0.0247127
-0.0257832
-0.0265539
-0.0270126
-0.0272036
-0.0272016
-0.0270622
-0.0268826
-0.026703
-0.0266186
-0.0266397
-0.0267685
-0.0269836
-0.0272232
-0.0274788
-0.0276559
-0.027761
-0.0277541
-0.0276332
-0.0274614
-0.0272178
-0.0269746
-0.0267396
-0.026522
-0.0263184
-0.0260925
-0.0258635
-0.0255788
-0.0252872
-0.0250615
-0.0248699
-0.0247224
-0.0245763
-0.0243825
-0.0241837
-0.0239919
-0.0238267
-0.0236736
-0.0234714
-0.0232675
-0.0230786
-0.0228965
-0.0227176
-0.0224831
-0.022276
-0.0221165
-0.021916
-0.0217233
-0.0214976
-0.0212458
-0.0211051
-0.0209267
-0.020609
-0.0203621
-0.0202169
-0.019997
-0.0196998
-0.0194458
-0.019237
-0.0189868
-0.0187019
-0.0184332
-0.0181744
-0.017897
-0.0176017
-0.0173068
-0.0170199
-0.0167147
-0.0163915
-0.0160749
-0.0157571
-0.0154177
-0.0150746
-0.0147318
-0.0143763
-0.0140111
-0.0136423
-0.0132684
-0.012882
-0.0124903
-0.0120928
-0.011688
-0.0112773
-0.0108644
-0.010451
-0.0100529
-0.0096815
-0.00938404
-0.0465247
-0.0413758
-0.0347914
-0.0286577
-0.0238266
-0.0205741
-0.0189046
-0.0185864
-0.0192545
-0.0205015
-0.0220087
-0.0235156
-0.0248616
-0.0259257
-0.0266671
-0.0271072
-0.027287
-0.0272773
-0.0271217
-0.0269182
-0.0267215
-0.0266021
-0.0266004
-0.0267035
-0.0269013
-0.0271327
-0.0273765
-0.0275622
-0.0276525
-0.0276446
-0.0275179
-0.0273238
-0.0270897
-0.0268605
-0.0266564
-0.0264583
-0.0262652
-0.0260538
-0.0258171
-0.0255394
-0.0252684
-0.0250555
-0.0248549
-0.0246948
-0.0245557
-0.0243603
-0.0241624
-0.0239718
-0.0237973
-0.0236445
-0.0234415
-0.0232524
-0.0230852
-0.0228801
-0.0226759
-0.0224572
-0.0222699
-0.0221097
-0.0218949
-0.0217023
-0.0214909
-0.0212341
-0.0210871
-0.0209156
-0.0205933
-0.0203448
-0.0202081
-0.019984
-0.0196834
-0.0194344
-0.0192244
-0.0189744
-0.0186934
-0.0184221
-0.018162
-0.0178885
-0.0175941
-0.0172978
-0.0170118
-0.0167079
-0.0163846
-0.016068
-0.0157505
-0.015412
-0.015069
-0.0147267
-0.0143711
-0.0140066
-0.0136378
-0.0132647
-0.0128784
-0.0124871
-0.0120897
-0.0116845
-0.0112735
-0.0108593
-0.010445
-0.0100451
-0.00967237
-0.00937392
-0.0469632
-0.0415813
-0.0348268
-0.0285787
-0.0236897
-0.0204198
-0.0187756
-0.0185197
-0.0192811
-0.0206277
-0.0222096
-0.023755
-0.0250963
-0.0261353
-0.0268312
-0.0272226
-0.0273498
-0.0272938
-0.0271081
-0.0268821
-0.0266854
-0.0265631
-0.0265679
-0.0266736
-0.0268621
-0.0270769
-0.0272876
-0.0274574
-0.0275189
-0.0274998
-0.0273843
-0.0271946
-0.0269839
-0.0267605
-0.0265681
-0.0263859
-0.026212
-0.0260304
-0.0257799
-0.0254901
-0.0252215
-0.0250157
-0.0248332
-0.0246695
-0.0245296
-0.0243377
-0.0241441
-0.0239628
-0.0237722
-0.0236016
-0.0234019
-0.0232352
-0.0230923
-0.0228706
-0.0226437
-0.0224336
-0.0222576
-0.0220995
-0.0218699
-0.0216704
-0.0214855
-0.0212303
-0.0210608
-0.020897
-0.0205835
-0.0203272
-0.0201912
-0.0199699
-0.0196707
-0.0194238
-0.0192092
-0.0189592
-0.0186852
-0.0184134
-0.0181495
-0.017878
-0.0175858
-0.0172893
-0.0170032
-0.0166998
-0.0163764
-0.0160603
-0.0157432
-0.0154055
-0.0150627
-0.014721
-0.0143657
-0.0140021
-0.0136338
-0.0132611
-0.0128749
-0.0124836
-0.0120861
-0.0116804
-0.011269
-0.0108535
-0.0104383
-0.0100369
-0.00966304
-0.00936375
-0.0470574
-0.0415751
-0.0347783
-0.0285149
-0.0236348
-0.0203863
-0.0187786
-0.0185775
-0.0194125
-0.0208456
-0.0224955
-0.0240848
-0.0254316
-0.0264545
-0.0271021
-0.0274154
-0.027449
-0.0273033
-0.0270617
-0.0267958
-0.0265874
-0.026469
-0.0264918
-0.0266238
-0.0268249
-0.0270421
-0.0272283
-0.0273687
-0.0273894
-0.0273307
-0.0272126
-0.0270431
-0.026876
-0.0266805
-0.0264995
-0.0263213
-0.0261501
-0.0259928
-0.0257461
-0.025467
-0.025199
-0.024962
-0.0247878
-0.0246346
-0.0244978
-0.0243094
-0.0241107
-0.0239477
-0.0237511
-0.023563
-0.023372
-0.0232158
-0.0230895
-0.0228521
-0.0226066
-0.0224221
-0.0222486
-0.0220826
-0.0218491
-0.0216282
-0.0214651
-0.0212361
-0.021036
-0.0208636
-0.0205759
-0.0203192
-0.020169
-0.0199468
-0.0196594
-0.0194204
-0.0191966
-0.0189399
-0.0186733
-0.0184057
-0.0181383
-0.0178658
-0.0175749
-0.0172792
-0.0169933
-0.0166903
-0.0163674
-0.0160522
-0.0157356
-0.0153988
-0.0150567
-0.0147158
-0.0143609
-0.0139976
-0.0136294
-0.0132568
-0.0128706
-0.0124791
-0.0120817
-0.0116757
-0.0112641
-0.0108477
-0.0104315
-0.0100287
-0.00965359
-0.00935306
-0.0468816
-0.0414216
-0.0346802
-0.0284643
-0.0236212
-0.0204082
-0.0188394
-0.0186914
-0.019587
-0.0210955
-0.0228152
-0.0244669
-0.025848
-0.0268708
-0.0274763
-0.0277011
-0.0276284
-0.0273719
-0.0270449
-0.0267119
-0.0264655
-0.0263458
-0.026389
-0.0265551
-0.0267784
-0.0270063
-0.0271758
-0.0272819
-0.0272701
-0.0271697
-0.0270335
-0.0268752
-0.0267453
-0.0266002
-0.0264487
-0.0262809
-0.0260909
-0.0259173
-0.0256797
-0.0254432
-0.0252163
-0.0249511
-0.0247526
-0.0245933
-0.0244526
-0.0242766
-0.0240649
-0.0239083
-0.0237164
-0.0235239
-0.0233613
-0.0232003
-0.0230715
-0.0228284
-0.022553
-0.0224012
-0.0222458
-0.0220633
-0.0218405
-0.0215925
-0.0214236
-0.0212406
-0.0210241
-0.0208218
-0.0205601
-0.0203195
-0.0201543
-0.0199202
-0.0196386
-0.0194144
-0.0191905
-0.0189227
-0.0186554
-0.0183936
-0.0181274
-0.0178534
-0.0175618
-0.0172675
-0.0169831
-0.016681
-0.0163586
-0.0160442
-0.0157283
-0.0153925
-0.0150509
-0.01471
-0.014355
-0.0139918
-0.013624
-0.0132517
-0.0128659
-0.0124744
-0.0120774
-0.0116711
-0.0112592
-0.0108417
-0.0104244
-0.0100201
-0.00964333
-0.00934197
-0.0465605
-0.0412028
-0.0345621
-0.0284132
-0.0236061
-0.0204281
-0.0189008
-0.0188105
-0.0197664
-0.0213417
-0.0231298
-0.0248453
-0.0262727
-0.0273031
-0.0278838
-0.0280473
-0.0278949
-0.0275385
-0.0271075
-0.0266884
-0.0263892
-0.0262665
-0.0263311
-0.0265261
-0.0267651
-0.0269864
-0.0271241
-0.0271763
-0.0271316
-0.027008
-0.0268602
-0.026714
-0.0266074
-0.0265108
-0.0263906
-0.026241
-0.0260415
-0.0258231
-0.0255813
-0.0253744
-0.0252034
-0.024964
-0.0247483
-0.0245698
-0.0244031
-0.0242459
-0.0240415
-0.0238656
-0.0236652
-0.0234633
-0.0233387
-0.0231867
-0.0230418
-0.0228162
-0.0225148
-0.0223609
-0.0222272
-0.0220318
-0.0218291
-0.0215738
-0.0213809
-0.0212361
-0.0210187
-0.0207846
-0.0205429
-0.0203144
-0.0201377
-0.0199033
-0.0196181
-0.0193919
-0.0191771
-0.0189121
-0.0186396
-0.0183764
-0.0181124
-0.0178407
-0.0175508
-0.0172576
-0.016973
-0.0166712
-0.0163502
-0.0160367
-0.0157203
-0.0153845
-0.0150432
-0.0147025
-0.014348
-0.0139855
-0.0136186
-0.0132467
-0.0128614
-0.01247
-0.0120732
-0.0116664
-0.0112537
-0.0108348
-0.0104163
-0.0100105
-0.00963279
-0.00933105
-0.046294
-0.0410514
-0.0344935
-0.0283832
-0.0235866
-0.0204261
-0.0189349
-0.0189018
-0.0199238
-0.0215635
-0.0234145
-0.0251783
-0.026639
-0.0276755
-0.0282494
-0.0283915
-0.0281977
-0.0277722
-0.027252
-0.0267604
-0.026416
-0.0262823
-0.0263494
-0.026555
-0.0268057
-0.0270178
-0.0271228
-0.0271072
-0.0270014
-0.0268402
-0.026669
-0.0265383
-0.0264622
-0.0264128
-0.0263193
-0.0261756
-0.025985
-0.0257362
-0.0254851
-0.0252749
-0.0251167
-0.0249314
-0.0247338
-0.0245582
-0.0243651
-0.0242028
-0.0240321
-0.0238474
-0.0236365
-0.0234158
-0.0232973
-0.0231669
-0.0230014
-0.022794
-0.0225
-0.0223227
-0.0221937
-0.0219903
-0.0218029
-0.0215589
-0.0213442
-0.0212245
-0.0210117
-0.0207483
-0.0205304
-0.0203056
-0.0201002
-0.0198875
-0.0196191
-0.0193671
-0.0191463
-0.0188981
-0.0186292
-0.0183622
-0.018097
-0.0178255
-0.0175391
-0.0172494
-0.0169633
-0.0166602
-0.0163405
-0.0160271
-0.0157099
-0.0153749
-0.0150352
-0.0146953
-0.0143414
-0.0139794
-0.0136133
-0.0132418
-0.0128568
-0.0124651
-0.012068
-0.0116605
-0.0112471
-0.0108274
-0.0104079
-0.0100014
-0.00962268
-0.00931968
-0.0463131
-0.0411519
-0.0346199
-0.0284921
-0.0236664
-0.0204908
-0.0190098
-0.0190096
-0.0200818
-0.0217702
-0.0236638
-0.0254484
-0.0269127
-0.0279385
-0.0284993
-0.0286295
-0.0284141
-0.0279615
-0.0274136
-0.026912
-0.02656
-0.026406
-0.0264404
-0.0266193
-0.026864
-0.02707
-0.0271621
-0.0271094
-0.0269467
-0.026731
-0.0265073
-0.0263586
-0.0262975
-0.0262849
-0.0262325
-0.0260982
-0.0259137
-0.0256553
-0.0253968
-0.025177
-0.0249973
-0.0248509
-0.0246925
-0.024537
-0.024336
-0.0241301
-0.023968
-0.0238114
-0.0236396
-0.023428
-0.0232665
-0.0231289
-0.0229486
-0.0227456
-0.0224888
-0.022302
-0.0221653
-0.0219577
-0.0217723
-0.0215443
-0.0213076
-0.0211927
-0.0209984
-0.0207123
-0.0205152
-0.0203057
-0.0200531
-0.0198484
-0.0196245
-0.0193579
-0.019117
-0.0188787
-0.0186142
-0.0183501
-0.0180884
-0.0178101
-0.017522
-0.0172391
-0.0169527
-0.0166457
-0.0163277
-0.0160167
-0.0157
-0.0153663
-0.0150283
-0.0146887
-0.0143349
-0.0139734
-0.0136077
-0.0132362
-0.0128509
-0.0124588
-0.0120616
-0.011654
-0.0112406
-0.0108204
-0.0104
-0.00999209
-0.00961167
-0.00930784
-0.0468143
-0.0417155
-0.0351755
-0.0290018
-0.0241246
-0.0209
-0.019375
-0.0193296
-0.0203597
-0.0220038
-0.0238547
-0.0255961
-0.0270207
-0.0280154
-0.0285526
-0.0286707
-0.0284524
-0.0280205
-0.0275175
-0.0270744
-0.0267634
-0.0266059
-0.0265984
-0.0267177
-0.0269035
-0.0270578
-0.0271194
-0.027069
-0.02692
-0.0267106
-0.0264764
-0.0262935
-0.0261923
-0.0261546
-0.0261195
-0.0260069
-0.0258223
-0.0255678
-0.0253136
-0.0251002
-0.0249107
-0.024777
-0.0246489
-0.0245019
-0.0243096
-0.0240689
-0.0238566
-0.0236971
-0.0235902
-0.0234485
-0.0232578
-0.0230765
-0.022878
-0.022685
-0.0224872
-0.022299
-0.0221348
-0.0219265
-0.0217346
-0.0215361
-0.0213003
-0.0211501
-0.0209658
-0.0206835
-0.0204926
-0.0203025
-0.0200201
-0.0198035
-0.0196093
-0.0193408
-0.0190972
-0.0188721
-0.0185955
-0.0183252
-0.0180791
-0.0178001
-0.0175038
-0.0172246
-0.0169392
-0.0166298
-0.016316
-0.0160087
-0.0156906
-0.0153567
-0.0150206
-0.0146817
-0.0143278
-0.0139661
-0.0136006
-0.0132293
-0.0128443
-0.0124526
-0.0120561
-0.0116486
-0.0112345
-0.0108128
-0.0103907
-0.00998119
-0.00960015
-0.00929638
-0.0478397
-0.0428502
-0.0363617
-0.0302171
-0.0253442
-0.0220773
-0.0204459
-0.0202239
-0.0210262
-0.0224242
-0.0240478
-0.0256106
-0.0269184
-0.0278572
-0.028382
-0.0285193
-0.0283422
-0.0279715
-0.0275392
-0.0271625
-0.026903
-0.0267709
-0.026755
-0.026824
-0.0269185
-0.0269676
-0.0269496
-0.0268828
-0.0267827
-0.0266525
-0.0265048
-0.0263593
-0.0262248
-0.0261174
-0.0260271
-0.0258948
-0.0257012
-0.0254757
-0.0252599
-0.0250592
-0.0248646
-0.0247198
-0.0245952
-0.0244437
-0.0242778
-0.0240658
-0.0238089
-0.023581
-0.0234609
-0.0233871
-0.023245
-0.0230424
-0.0227966
-0.0225901
-0.0224597
-0.0223011
-0.0221136
-0.0219045
-0.0216837
-0.0214983
-0.0213109
-0.0211291
-0.0209201
-0.0206565
-0.0204678
-0.02028
-0.0199986
-0.0197886
-0.0195972
-0.0193005
-0.0190615
-0.0188759
-0.0185905
-0.0182934
-0.0180555
-0.0177839
-0.0174842
-0.0172114
-0.0169294
-0.0166157
-0.0163037
-0.0160005
-0.0156817
-0.0153466
-0.0150115
-0.0146728
-0.0143184
-0.013957
-0.0135928
-0.0132229
-0.0128389
-0.0124476
-0.0120508
-0.0116423
-0.0112266
-0.0108038
-0.0103809
-0.00997113
-0.00958951
-0.00928453
-0.0489774
-0.0442881
-0.0380985
-0.0322545
-0.0276073
-0.0244229
-0.0226889
-0.0221808
-0.0225594
-0.0234703
-0.0246192
-0.0257823
-0.0268041
-0.0275806
-0.0280557
-0.028228
-0.0281387
-0.0278729
-0.0275283
-0.027208
-0.0269787
-0.0268611
-0.0268363
-0.0268586
-0.0268715
-0.0268306
-0.0267393
-0.0266279
-0.0265301
-0.0264494
-0.0263939
-0.0263442
-0.0262599
-0.0261434
-0.0259919
-0.0257929
-0.0255654
-0.0253721
-0.0252078
-0.0250158
-0.02482
-0.0246754
-0.0245529
-0.0243904
-0.024222
-0.0240387
-0.0237961
-0.0235535
-0.023388
-0.0233008
-0.0231979
-0.0230123
-0.0227512
-0.0225121
-0.0223796
-0.0222589
-0.0221035
-0.0219057
-0.0216359
-0.0214139
-0.0212687
-0.0211026
-0.0208864
-0.0206427
-0.0204476
-0.0202366
-0.0199639
-0.0197913
-0.0196136
-0.0192724
-0.0190082
-0.0188581
-0.0185901
-0.0182749
-0.01803
-0.0177596
-0.0174622
-0.0172
-0.0169226
-0.0166032
-0.0162895
-0.015989
-0.0156705
-0.0153348
-0.0150001
-0.0146624
-0.0143093
-0.0139496
-0.0135869
-0.0132175
-0.012833
-0.0124407
-0.0120428
-0.0116338
-0.0112183
-0.0107956
-0.0103725
-0.00996145
-0.00957823
-0.00927238
-0.0490194
-0.0451698
-0.0399199
-0.0349477
-0.0309508
-0.0281093
-0.0263729
-0.0255486
-0.0253835
-0.0256297
-0.026089
-0.0266154
-0.0271163
-0.0275279
-0.0278094
-0.0279408
-0.0279263
-0.0278003
-0.0276052
-0.027395
-0.0272069
-0.0270601
-0.0269471
-0.0268472
-0.0267454
-0.0266362
-0.0265219
-0.0264026
-0.0262981
-0.0262159
-0.0261718
-0.0261547
-0.0261245
-0.0260497
-0.025893
-0.0256642
-0.0254157
-0.0252287
-0.0250861
-0.0249181
-0.0247679
-0.0246583
-0.0245395
-0.0243606
-0.0241443
-0.0239163
-0.02369
-0.023524
-0.0234043
-0.0232972
-0.0231549
-0.0229394
-0.0227253
-0.0225433
-0.0223493
-0.022156
-0.0220298
-0.021889
-0.0216159
-0.0213577
-0.0212026
-0.0210401
-0.0208493
-0.020644
-0.0204297
-0.0201782
-0.0199178
-0.0197787
-0.0196132
-0.0192602
-0.018974
-0.0188161
-0.0185604
-0.0182626
-0.0180256
-0.0177498
-0.0174457
-0.0171841
-0.0169096
-0.0165915
-0.0162767
-0.0159727
-0.0156535
-0.0153217
-0.014991
-0.014655
-0.0143025
-0.0139428
-0.0135796
-0.0132095
-0.0128243
-0.0124317
-0.0120347
-0.0116269
-0.0112116
-0.0107876
-0.0103625
-0.00994986
-0.00956631
-0.009261
-0.0462108
-0.0442428
-0.0410423
-0.0378177
-0.0350581
-0.032886
-0.0312731
-0.0301353
-0.0293689
-0.0288697
-0.0285462
-0.0283304
-0.0281888
-0.0281004
-0.0280466
-0.0280021
-0.0279557
-0.02791
-0.0278619
-0.0277935
-0.0276747
-0.0274951
-0.0272553
-0.026981
-0.0267126
-0.0264955
-0.0263432
-0.0262294
-0.0261447
-0.0260745
-0.0260216
-0.0259821
-0.0259358
-0.0258504
-0.025689
-0.0254734
-0.0252421
-0.0250404
-0.0248799
-0.0247564
-0.0246863
-0.0246116
-0.0244806
-0.0242961
-0.0240718
-0.0238132
-0.0235667
-0.0234259
-0.0233637
-0.0232939
-0.0231317
-0.0228532
-0.0226402
-0.0225481
-0.0223758
-0.02211
-0.0219386
-0.0218211
-0.0216017
-0.021362
-0.0211726
-0.0209756
-0.0208088
-0.0206563
-0.0204189
-0.0201129
-0.0198745
-0.0197549
-0.0195584
-0.0192172
-0.0189654
-0.0187918
-0.0185201
-0.0182418
-0.0180155
-0.0177359
-0.0174356
-0.0171707
-0.0168842
-0.0165688
-0.0162654
-0.0159629
-0.0156417
-0.0153133
-0.0149852
-0.0146474
-0.0142929
-0.0139327
-0.0135694
-0.0131999
-0.0128164
-0.0124256
-0.0120294
-0.0116205
-0.0112029
-0.0107773
-0.0103517
-0.00993919
-0.00955529
-0.009249
-0.0399875
-0.0406697
-0.0405349
-0.0399408
-0.0390148
-0.0378297
-0.0364773
-0.0350756
-0.0337302
-0.0325128
-0.031452
-0.0305562
-0.0298311
-0.0292719
-0.0288633
-0.0285747
-0.0283922
-0.0283049
-0.0282862
-0.0282743
-0.0281943
-0.0280062
-0.0277029
-0.0273212
-0.026923
-0.0265817
-0.0263345
-0.0261708
-0.0260672
-0.0260021
-0.0259639
-0.0259259
-0.0258589
-0.0257305
-0.0255481
-0.0253449
-0.0251221
-0.0248892
-0.024677
-0.0245592
-0.0245305
-0.0244741
-0.0243616
-0.0241968
-0.0239772
-0.0237384
-0.023506
-0.0233425
-0.0232706
-0.023205
-0.0230485
-0.0227832
-0.022549
-0.022442
-0.0223299
-0.0221254
-0.0219133
-0.0217331
-0.0215583
-0.021378
-0.0211619
-0.0209256
-0.0207682
-0.0206561
-0.020413
-0.0200614
-0.0198454
-0.0197509
-0.0195006
-0.0191534
-0.018963
-0.0187985
-0.0185041
-0.0182225
-0.0179803
-0.0176898
-0.0174124
-0.01716
-0.0168587
-0.016542
-0.0162545
-0.0159563
-0.01563
-0.0153016
-0.0149749
-0.0146352
-0.0142801
-0.013922
-0.0135615
-0.0131943
-0.0128119
-0.0124201
-0.0120213
-0.0116109
-0.0111936
-0.0107687
-0.0103431
-0.00992958
-0.00954429
-0.00923681
-0.0306387
-0.0344794
-0.0380381
-0.0404327
-0.0415086
-0.0414
-0.0404058
-0.0388815
-0.0371378
-0.0353998
-0.033798
-0.0324042
-0.0312522
-0.0303499
-0.029683
-0.0292212
-0.0289391
-0.028797
-0.0287451
-0.028703
-0.0285991
-0.0283879
-0.0280592
-0.0276462
-0.0272011
-0.0267994
-0.0264806
-0.0262578
-0.02611
-0.0260144
-0.0259563
-0.0258856
-0.02578
-0.0256271
-0.0254583
-0.0252942
-0.0250916
-0.0248515
-0.0246192
-0.0244644
-0.024387
-0.024311
-0.0242174
-0.0240638
-0.0238173
-0.0235836
-0.023425
-0.0233048
-0.023209
-0.0230859
-0.0229102
-0.0227234
-0.0225305
-0.0223534
-0.0222051
-0.022045
-0.0218522
-0.0216622
-0.0215306
-0.0213828
-0.0211268
-0.0208653
-0.0207068
-0.0205877
-0.0203638
-0.0200366
-0.0198331
-0.0197477
-0.0194933
-0.0191425
-0.0189425
-0.0187619
-0.018487
-0.0182281
-0.0179588
-0.0176449
-0.0173887
-0.0171539
-0.0168457
-0.0165278
-0.0162461
-0.0159421
-0.0156066
-0.0152801
-0.0149603
-0.0146229
-0.0142681
-0.0139124
-0.0135547
-0.0131874
-0.0128025
-0.0124088
-0.012011
-0.0116028
-0.0111867
-0.0107609
-0.0103336
-0.00991871
-0.00953339
-0.00922679
-0.024587
-0.0298049
-0.035166
-0.0391607
-0.0414408
-0.0420919
-0.0414784
-0.0400639
-0.0382571
-0.0363626
-0.0345734
-0.033003
-0.0317026
-0.0306858
-0.0299404
-0.0294354
-0.0291306
-0.0289618
-0.0288634
-0.0287643
-0.0286153
-0.0283871
-0.0280789
-0.0277219
-0.0273506
-0.0270002
-0.026679
-0.0264009
-0.0261767
-0.026015
-0.0259013
-0.0257945
-0.0256706
-0.0255159
-0.0253476
-0.0251634
-0.0249649
-0.0247758
-0.0246252
-0.024514
-0.0243813
-0.0242319
-0.0240773
-0.0238783
-0.0236598
-0.0234845
-0.023381
-0.0232997
-0.0231673
-0.0229646
-0.0227693
-0.0226443
-0.0224965
-0.0223023
-0.0221312
-0.0219475
-0.0217487
-0.0216061
-0.0215008
-0.0213119
-0.0210352
-0.0208303
-0.0207025
-0.0205111
-0.0202485
-0.0199942
-0.0198242
-0.0197001
-0.0194774
-0.0191743
-0.0188999
-0.018652
-0.0184462
-0.0182467
-0.0179427
-0.0176181
-0.0173953
-0.0171542
-0.0168185
-0.0165067
-0.0162423
-0.0159353
-0.0155899
-0.0152636
-0.0149508
-0.0146182
-0.0142634
-0.0139044
-0.0135429
-0.0131741
-0.012791
-0.0124003
-0.0120042
-0.0115954
-0.0111773
-0.01075
-0.0103224
-0.00990804
-0.00952262
-0.00921577
-0.0241804
-0.0285702
-0.0331478
-0.0366042
-0.0386574
-0.0393763
-0.0390282
-0.0379634
-0.0365135
-0.0349446
-0.0334521
-0.0321526
-0.0310903
-0.0302574
-0.0296211
-0.0291472
-0.0287968
-0.0285324
-0.0283181
-0.0281273
-0.0279401
-0.0277388
-0.027533
-0.0273402
-0.0271682
-0.0269814
-0.0267325
-0.0264237
-0.0260973
-0.0258298
-0.0256522
-0.025563
-0.0255164
-0.0254235
-0.02525
-0.0249905
-0.0247275
-0.0245532
-0.0244747
-0.0244418
-0.0243515
-0.0241891
-0.0239737
-0.0237346
-0.0235781
-0.0234977
-0.0234107
-0.0232757
-0.0230726
-0.0228458
-0.0226667
-0.0225462
-0.0224146
-0.0222513
-0.0221042
-0.0219228
-0.021708
-0.021574
-0.0214508
-0.0212023
-0.0209387
-0.020806
-0.0207074
-0.020475
-0.0201786
-0.0199855
-0.0198273
-0.0195827
-0.0193689
-0.0192113
-0.0189108
-0.0185511
-0.0183931
-0.018257
-0.0179009
-0.0175617
-0.0173975
-0.0171613
-0.0167824
-0.0164622
-0.0162181
-0.0159248
-0.015585
-0.015259
-0.0149427
-0.0146095
-0.0142552
-0.0138939
-0.0135317
-0.0131679
-0.0127891
-0.0123975
-0.0119974
-0.0115866
-0.0111689
-0.0107422
-0.0103144
-0.00989925
-0.00951275
-0.00920391
-0.030646
-0.0318279
-0.0330131
-0.0338379
-0.0342229
-0.0342139
-0.0338842
-0.0333112
-0.0325828
-0.0317898
-0.031021
-0.030333
-0.0297454
-0.0292488
-0.0288186
-0.0284348
-0.0280732
-0.0277276
-0.0273984
-0.0271042
-0.0268601
-0.0266752
-0.0265608
-0.0265088
-0.0264954
-0.0264507
-0.0263244
-0.026107
-0.0258311
-0.0255599
-0.0253384
-0.0252058
-0.0251309
-0.0250572
-0.0249471
-0.0247885
-0.0246231
-0.0244683
-0.0243467
-0.0242537
-0.024153
-0.0240159
-0.0237951
-0.0235791
-0.0234826
-0.0234354
-0.0233527
-0.0231768
-0.0229188
-0.0227352
-0.0226351
-0.0224999
-0.0223472
-0.0221797
-0.0219937
-0.0218424
-0.0217127
-0.021595
-0.021409
-0.0211058
-0.0208837
-0.0207915
-0.0206506
-0.0204081
-0.0201522
-0.0199989
-0.0198392
-0.0195008
-0.0192513
-0.0192048
-0.0189421
-0.0185109
-0.0183582
-0.018259
-0.0178662
-0.0175043
-0.0173738
-0.0171497
-0.0167549
-0.0164353
-0.0161973
-0.0159015
-0.0155669
-0.015249
-0.0149267
-0.0145848
-0.0142344
-0.0138818
-0.013524
-0.013161
-0.0127812
-0.0123869
-0.0119866
-0.0115784
-0.0111629
-0.0107357
-0.0103066
-0.00989042
-0.00950427
-0.00919637
-0.0399683
-0.0374413
-0.0344282
-0.0317875
-0.0298579
-0.0286855
-0.0281251
-0.0279641
-0.0280123
-0.0281346
-0.0282426
-0.0282747
-0.0282024
-0.0280239
-0.0277574
-0.0274246
-0.0270458
-0.0266591
-0.0263015
-0.0260211
-0.0258394
-0.0257601
-0.0257552
-0.0257647
-0.0257444
-0.0256603
-0.0255396
-0.025404
-0.0252733
-0.0251418
-0.0249905
-0.0248495
-0.0246936
-0.0245533
-0.0244608
-0.0244101
-0.0244088
-0.0243698
-0.024273
-0.0241244
-0.0239194
-0.023707
-0.0234956
-0.0233669
-0.0233464
-0.0233154
-0.0232227
-0.0230272
-0.0227716
-0.0226356
-0.0225734
-0.0224263
-0.0222772
-0.0221402
-0.021942
-0.0217833
-0.0216583
-0.0214841
-0.0212716
-0.0210513
-0.0209341
-0.0208488
-0.020604
-0.0202993
-0.0200864
-0.0199806
-0.0198484
-0.0195135
-0.0192234
-0.0191492
-0.0188987
-0.0184957
-0.0183695
-0.0182634
-0.0178452
-0.017484
-0.0173589
-0.017123
-0.0167336
-0.0164418
-0.0162114
-0.0158934
-0.0155441
-0.0152318
-0.014915
-0.0145747
-0.014231
-0.0138812
-0.0135154
-0.0131462
-0.0127695
-0.0123798
-0.0119803
-0.0115713
-0.0111552
-0.0107275
-0.0102981
-0.00988196
-0.00949578
-0.00918974
-0.0465171
-0.0408767
-0.0348081
-0.029821
-0.0263239
-0.0243347
-0.0235836
-0.0236888
-0.0242892
-0.0251006
-0.0259054
-0.0265417
-0.0269028
-0.0269438
-0.0266914
-0.0262314
-0.025698
-0.0252347
-0.0249411
-0.0248513
-0.0249186
-0.0250592
-0.0251753
-0.0251973
-0.0251136
-0.0249533
-0.0247892
-0.0246714
-0.0246251
-0.0246273
-0.0246152
-0.0245248
-0.0243064
-0.0240464
-0.0238591
-0.0238177
-0.0239191
-0.0240137
-0.0239925
-0.023795
-0.0234736
-0.0232097
-0.0231256
-0.0232313
-0.0233235
-0.0232131
-0.0229565
-0.0226818
-0.0225375
-0.0225293
-0.022457
-0.0222824
-0.0221327
-0.0219794
-0.021795
-0.0216892
-0.0215863
-0.0213492
-0.0210868
-0.0209613
-0.0209866
-0.0209032
-0.0205104
-0.0200982
-0.0199464
-0.0199393
-0.0198322
-0.0195023
-0.0192043
-0.0190996
-0.0188474
-0.0184697
-0.0183379
-0.0181937
-0.0177734
-0.0174671
-0.0173811
-0.017125
-0.0167001
-0.0164004
-0.0161824
-0.0158748
-0.01553
-0.015224
-0.0149104
-0.0145656
-0.0142184
-0.0138699
-0.0135052
-0.0131379
-0.0127652
-0.0123768
-0.0119745
-0.0115639
-0.0111487
-0.0107221
-0.0102924
-0.00987565
-0.00948776
-0.0091778
-0.04947
-0.0414202
-0.0341833
-0.0284703
-0.0245165
-0.0222888
-0.0214992
-0.0217348
-0.0225784
-0.0236849
-0.0247833
-0.0256811
-0.0262364
-0.0263692
-0.026094
-0.0255316
-0.0248986
-0.0243994
-0.0241549
-0.0241632
-0.0243301
-0.0245422
-0.0246956
-0.0247563
-0.0247226
-0.0246124
-0.0244723
-0.02436
-0.024353
-0.02444
-0.0245213
-0.0244287
-0.0240754
-0.0236353
-0.0233295
-0.0233175
-0.023553
-0.0237831
-0.023838
-0.0236115
-0.0232132
-0.0229118
-0.0228407
-0.0230074
-0.0231775
-0.0231198
-0.0228626
-0.0225452
-0.0224051
-0.0224211
-0.0222983
-0.0220851
-0.0219534
-0.0217987
-0.0216312
-0.0215836
-0.021512
-0.021282
-0.0210523
-0.0209645
-0.0209694
-0.0208311
-0.0204097
-0.019981
-0.0198153
-0.01982
-0.0197599
-0.0195073
-0.0192504
-0.0191001
-0.0187832
-0.0183887
-0.0182648
-0.0181266
-0.0177271
-0.0174612
-0.0173984
-0.017127
-0.0166729
-0.016354
-0.0161315
-0.0158387
-0.0155233
-0.0152366
-0.0149128
-0.0145419
-0.0141846
-0.0138501
-0.0135017
-0.0131369
-0.0127586
-0.0123668
-0.0119656
-0.0115578
-0.0111448
-0.0107189
-0.010289
-0.00987199
-0.00948329
-0.00916988
)
;

boundaryField
{
    zeroGradientPlanes
    {
        type            zeroGradient;
    }
    inlet
    {
        type            zeroGradient;
    }
    plate
    {
        type            zeroGradient;
    }
    frontAndBack
    {
        type            empty;
    }
}


// ************************************************************************* //
