/*--------------------------------*- C++ -*----------------------------------*\
  =========                 |
  \\      /  F ield         | OpenFOAM: The Open Source CFD Toolbox
   \\    /   O peration     | Website:  https://openfoam.org
    \\  /    A nd           | Version:  6
     \\/     M anipulation  |
\*---------------------------------------------------------------------------*/
FoamFile
{
    version     2.0;
    format      ascii;
    class       volScalarField;
    location    "0.2";
    object      p;
}
// * * * * * * * * * * * * * * * * * * * * * * * * * * * * * * * * * * * * * //

dimensions      [0 2 -2 0 0 0 0];

internalField   nonuniform List<scalar> 
4800
(
2.94861e-11
9.86342e-06
5.444e-05
-9.71729e-06
7.30919e-05
0.000432753
0.000517962
0.000247005
0.000141534
0.000438473
0.000774186
0.000852548
0.000791886
0.000897038
0.00121112
0.00131091
0.00129631
0.00136978
0.00142016
0.00157623
1.91518e-06
1.04518e-05
5.5646e-05
-9.27959e-06
7.11499e-05
0.000429788
0.000514797
0.000247862
0.000141235
0.000443392
0.000778029
0.000854581
0.000794107
0.000892312
0.00121885
0.00131568
0.00129134
0.00137535
0.00140341
0.00157583
5.3313e-06
1.12409e-05
5.54831e-05
-1.06451e-05
6.90199e-05
0.000428753
0.000510624
0.000254622
0.000139763
0.000443575
0.00078257
0.000861482
0.000787405
0.000880931
0.00123858
0.00132996
0.00129885
0.00137753
0.00136669
0.00160581
7.66495e-06
1.1515e-05
5.57774e-05
-1.17676e-05
6.77442e-05
0.000427649
0.000503836
0.000262362
0.000137065
0.000439833
0.000792448
0.000873174
0.000776857
0.000868984
0.00125329
0.00136719
0.00132654
0.00135254
0.00132854
0.00161723
8.11744e-06
1.31408e-05
5.57091e-05
-1.35083e-05
6.59623e-05
0.000426613
0.000499135
0.000267916
0.00014123
0.000434937
0.00079464
0.000889767
0.000778414
0.000841999
0.00125739
0.00142815
0.00134729
0.00133302
0.0013141
0.00155814
8.6715e-06
1.65425e-05
5.34384e-05
-1.26167e-05
6.36535e-05
0.000425962
0.000496366
0.000265163
0.000153479
0.000425869
0.000787785
0.000915578
0.000786345
0.000810571
0.00126268
0.00147129
0.00136066
0.00136071
0.00130295
0.00143378
1.12038e-05
2.02692e-05
4.96125e-05
-9.03725e-06
5.63271e-05
0.000425411
0.000496766
0.00025487
0.000171899
0.000423104
0.000774922
0.000928551
0.000805916
0.000804631
0.00124409
0.00147355
0.00139228
0.00140617
0.00127107
0.00131519
1.28182e-05
2.16377e-05
4.74042e-05
-5.73918e-06
4.75672e-05
0.000428287
0.000499075
0.000240165
0.000190117
0.000427692
0.000752077
0.000930233
0.000846612
0.000807185
0.00119484
0.00147097
0.00142869
0.00140352
0.0012354
0.00124992
1.01284e-05
2.58977e-05
4.96645e-05
-7.16344e-06
4.31444e-05
0.000426273
0.00049972
0.000231242
0.000197515
0.000436028
0.000741427
0.000928469
0.000867383
0.000803328
0.00116981
0.00147741
0.00140445
0.00132991
0.00122208
0.0012021
7.59242e-06
3.7627e-05
4.61308e-05
-1.4367e-05
4.75199e-05
0.000412986
0.000506585
0.000235059
0.000182767
0.000447688
0.00075461
0.000907942
0.000851152
0.00082108
0.0011834
0.00145037
0.00130638
0.00122461
0.00120961
0.0011117
7.21828e-06
4.70608e-05
3.58803e-05
-1.34839e-05
5.71531e-05
0.000387491
0.000520613
0.000244016
0.000149313
0.000461817
0.000784389
0.000879777
0.000822837
0.000842379
0.00117928
0.00139088
0.00120877
0.00110127
0.00110338
0.000949299
3.19001e-06
5.22848e-05
3.76742e-05
-1.00105e-05
5.33781e-05
0.000362081
0.000538351
0.000253964
0.00011828
0.000471441
0.000811629
0.000857577
0.000788106
0.00083077
0.00114443
0.00134244
0.0011361
0.000918758
0.000866657
0.000774135
-4.66603e-06
6.33055e-05
4.94233e-05
-2.78114e-05
4.64549e-05
0.000362528
0.00054281
0.000256193
0.000105411
0.000465078
0.0008146
0.000848535
0.00076745
0.000800825
0.001083
0.00127037
0.00103542
0.000713669
0.000622918
0.000640002
-1.17337e-05
7.70181e-05
5.61192e-05
-5.49006e-05
6.04821e-05
0.00037238
0.000507699
0.000258331
0.00012826
0.000444185
0.000786729
0.000855616
0.000773577
0.000750568
0.000958096
0.0011311
0.000926519
0.00059359
0.000461932
0.000479693
-1.86688e-05
8.44353e-05
6.60402e-05
-6.83659e-05
7.05224e-05
0.000360196
0.000465098
0.000288319
0.000170707
0.000398252
0.000729118
0.000864256
0.000785683
0.000675651
0.000790336
0.000976589
0.000858778
0.000537086
0.000319713
0.000267337
-2.71859e-05
8.72815e-05
8.94206e-05
-7.82605e-05
4.755e-05
0.000352412
0.00046589
0.000312818
0.000169902
0.000340291
0.000686936
0.00087097
0.000776541
0.000593675
0.000640561
0.000837528
0.000776497
0.00044079
0.000173108
0.000127195
-3.52314e-05
8.81053e-05
0.000117615
-9.27005e-05
1.00857e-05
0.000373653
0.000484725
0.000276322
0.000131904
0.000342361
0.000698494
0.000835888
0.000691973
0.000502431
0.000539291
0.000709367
0.000646211
0.00032149
8.84707e-05
0.000121335
-4.08463e-05
8.369e-05
0.000142558
-9.62068e-05
-2.44292e-05
0.000388555
0.000484607
0.000219866
0.000123856
0.000399031
0.000692229
0.000706472
0.000541336
0.000442026
0.000519897
0.000621092
0.000504779
0.000207243
3.94794e-05
0.000162452
-4.38884e-05
7.26438e-05
0.00016469
-7.9728e-05
-6.55178e-05
0.00036688
0.000491515
0.000212548
0.000126027
0.00039684
0.000617678
0.000570846
0.000447433
0.000441719
0.00052283
0.000521894
0.000338078
7.41664e-05
-9.89238e-06
0.000202745
-4.4143e-05
5.73388e-05
0.000181743
-4.97543e-05
-0.000113015
0.00032091
0.000524892
0.000239825
7.3243e-05
0.0003075
0.000561541
0.000554572
0.00042739
0.000375754
0.000394607
0.000359494
0.000212301
3.44483e-05
1.11787e-05
0.000220451
-4.12275e-05
4.00483e-05
0.000188176
-1.2e-05
-0.000149296
0.000262259
0.000551382
0.000263897
-6.76119e-06
0.0002132
0.000566898
0.000593732
0.000351241
0.000161059
0.000175189
0.00027253
0.000276277
0.000156593
3.38642e-05
6.45395e-05
-3.55356e-05
2.24315e-05
0.000181813
3.06886e-05
-0.000163773
0.000187146
0.000540458
0.000294044
-4.38006e-05
0.000138287
0.000535364
0.000559871
0.000220157
-3.58727e-05
6.24279e-05
0.000325945
0.000406688
0.000199986
-0.000139465
-0.000305992
-2.81228e-05
6.55592e-06
0.000164156
7.17432e-05
-0.000157776
0.000101355
0.000494964
0.000339826
-3.39412e-05
4.09501e-05
0.000407943
0.000477913
0.000175602
-7.19618e-05
3.16769e-05
0.000290822
0.000314947
1.48422e-05
-0.000387801
-0.000565352
-2.02065e-05
-5.75378e-06
0.000137908
0.000102929
-0.000134896
2.24235e-05
0.000423764
0.000375005
-1.01068e-05
-6.9536e-05
0.000248098
0.000419952
0.000221507
-5.61605e-05
-9.84264e-05
3.84838e-05
6.13185e-05
-0.000132248
-0.000376564
-0.000470618
-1.29751e-05
-1.37923e-05
0.000106592
0.000119351
-0.000100003
-3.755e-05
0.000330021
0.000373627
1.92567e-05
-0.000142129
0.00011093
0.00035019
0.000225937
-0.000105165
-0.000291943
-0.000215745
-7.13337e-05
-6.38384e-05
-0.000182574
-0.000328786
-7.44154e-06
-1.79256e-05
7.43508e-05
0.000120006
-6.16944e-05
-7.61762e-05
0.000223652
0.000334898
5.33393e-05
-0.000166788
-1.4804e-05
0.000216232
0.0001506
-0.000157801
-0.000375193
-0.000309148
-0.000105207
-3.93582e-05
-0.000195333
-0.000461191
-4.24175e-06
-1.92228e-05
4.47297e-05
0.000106521
-2.93305e-05
-9.54477e-05
0.000120981
0.000268001
7.40731e-05
-0.000170716
-0.000133079
5.23508e-05
5.83858e-05
-0.000157551
-0.000358845
-0.00036597
-0.000255521
-0.000241053
-0.000401648
-0.00062
-3.55371e-06
-1.91346e-05
1.97469e-05
8.25374e-05
-9.06236e-06
-0.000100283
3.33592e-05
0.000181095
6.47423e-05
-0.000170791
-0.000219748
-8.90366e-05
-3.29403e-05
-0.00016957
-0.000374166
-0.000483755
-0.000473432
-0.000445538
-0.000482883
-0.00055482
-5.17359e-06
-1.91094e-05
-1.40436e-07
5.2762e-05
-3.09773e-06
-9.83841e-05
-3.58902e-05
8.53132e-05
2.65596e-05
-0.000172037
-0.000270392
-0.000205055
-0.000148623
-0.000241142
-0.000430289
-0.000567542
-0.000575364
-0.000507289
-0.00047216
-0.000520916
-8.65718e-06
-2.02258e-05
-1.56234e-05
2.15402e-05
-1.04957e-05
-9.72523e-05
-8.78627e-05
-6.50651e-06
-3.08071e-05
-0.000183942
-0.000305333
-0.000305273
-0.000274765
-0.000331217
-0.000466319
-0.000579279
-0.000607463
-0.000586012
-0.00060027
-0.00069446
-1.34593e-05
-2.30215e-05
-2.80006e-05
-8.04201e-06
-2.79867e-05
-0.00010139
-0.00012613
-8.63674e-05
-9.85892e-05
-0.000213112
-0.000337372
-0.000382659
-0.000379355
-0.000411563
-0.000503693
-0.000611303
-0.000688575
-0.000733148
-0.000773364
-0.000825529
-1.90249e-05
-2.7502e-05
-3.8613e-05
-3.43025e-05
-5.1196e-05
-0.000111955
-0.000155457
-0.000151825
-0.000167772
-0.000254855
-0.000368183
-0.000437958
-0.000463202
-0.000497977
-0.000576708
-0.000681018
-0.000768283
-0.000814868
-0.000829723
-0.000840423
-2.48089e-05
-3.32104e-05
-4.83738e-05
-5.67143e-05
-7.60824e-05
-0.000127663
-0.000179522
-0.00020276
-0.000229636
-0.00030062
-0.000400283
-0.000483068
-0.000535359
-0.000583824
-0.000652842
-0.00073498
-0.000804952
-0.000849871
-0.000881272
-0.000922686
-3.02599e-05
-3.9328e-05
-5.74659e-05
-7.53056e-05
-9.9655e-05
-0.000145942
-0.000200026
-0.000240277
-0.000279038
-0.000343338
-0.000432254
-0.000519412
-0.000588395
-0.000647545
-0.000712111
-0.000785339
-0.000858758
-0.000923882
-0.000979082
-0.00102666
-3.48139e-05
-4.48464e-05
-6.5326e-05
-8.99162e-05
-0.000119679
-0.00016379
-0.000217225
-0.000266377
-0.000314165
-0.000376277
-0.000456521
-0.000541577
-0.000618826
-0.00068933
-0.000762018
-0.000840725
-0.000919444
-0.000988224
-0.00104141
-0.00108141
-3.79464e-05
-4.87856e-05
-7.09727e-05
-9.99536e-05
-0.000134215
-0.000177986
-0.000229875
-0.000282303
-0.00033469
-0.00039508
-0.000467855
-0.000547817
-0.000627483
-0.000705213
-0.000784122
-0.000865697
-0.000946884
-0.00102263
-0.00108981
-0.00114838
-3.93257e-05
-5.04791e-05
-7.35423e-05
-0.000104818
-0.000141838
-0.000185626
-0.00023564
-0.000287875
-0.000340933
-0.000398497
-0.000463956
-0.000536026
-0.000611026
-0.000687388
-0.000766546
-0.000850296
-0.000938159
-0.00102697
-0.00111221
-0.00118974
-3.89984e-05
-4.99001e-05
-7.29448e-05
-0.000104743
-0.000142549
-0.000185627
-0.000233276
-0.000283286
-0.000334304
-0.000387662
-0.000445386
-0.000507705
-0.000573448
-0.000642203
-0.00071526
-0.000794574
-0.00088121
-0.000974713
-0.00107345
-0.00117516
-3.75288e-05
-4.78225e-05
-7.02662e-05
-0.000101511
-0.000138753
-0.000180392
-0.000225375
-0.000272304
-0.000320129
-0.000369092
-0.000420107
-0.000473622
-0.000529522
-0.000588067
-0.000650612
-0.000719576
-0.000797906
-0.000888505
-0.000993723
-0.00111486
-3.60344e-05
-4.57906e-05
-6.76856e-05
-9.82504e-05
-0.000134773
-0.000175365
-0.000218657
-0.00026345
-0.000309
-0.000355343
-0.000402882
-0.000451832
-0.000502265
-0.000554688
-0.000610531
-0.000672291
-0.000743462
-0.000828387
-0.000931952
-0.00105891
0.00192449
0.00338661
0.00437895
0.00426675
0.00347354
0.00268572
0.0022226
0.00183209
0.00127717
0.000715057
0.000343026
0.000117893
-0.000157983
-0.000574681
-0.0009742
-0.00121799
-0.00140278
-0.00177333
-0.00243504
-0.0030875
-0.00359383
-0.00429584
-0.00515529
-0.00590513
-0.00668994
-0.00746511
-0.00796232
-0.00817977
-0.00810055
-0.00773289
-0.00726834
-0.00673009
-0.0061199
-0.00564794
-0.00535488
-0.00515628
-0.00519214
-0.00547209
-0.00562233
-0.00545304
-0.00523781
-0.00520758
-0.00525771
-0.00524022
-0.00517763
-0.00513814
-0.00511869
-0.00508913
-0.00504706
-0.00500652
-0.00497532
-0.00495442
-0.00494372
-0.00494262
-0.0049494
-0.00496188
-0.00497829
-0.0049974
-0.00501834
-0.00504057
-0.00506374
-0.00508771
-0.00511242
-0.0051379
-0.00516408
-0.00519109
-0.00521878
-0.00524737
-0.00527653
-0.00530671
-0.00533726
-0.00536905
-0.00540089
-0.00543434
-0.00546738
-0.00550248
-0.00553673
-0.00557338
-0.00560908
-0.00564688
-0.00568459
-0.00572289
-0.00576336
-0.00580153
-0.00584506
-0.00588346
-0.00592885
-0.00596956
-0.00601404
-0.00605961
-0.00610138
-0.0061508
-0.0061925
-0.00623922
-0.00628394
-0.00632305
-0.00636105
-0.00639275
-0.00640223
-0.0063976
0.00197985
0.003235
0.0041704
0.00409959
0.0033548
0.00260817
0.00216068
0.00177361
0.00122931
0.000674902
0.000299437
7.61719e-05
-0.00018379
-0.000595547
-0.0010077
-0.00125076
-0.00142454
-0.00179762
-0.00246109
-0.00310552
-0.00360598
-0.00430252
-0.00515415
-0.00589423
-0.00666233
-0.00741759
-0.00790563
-0.00812893
-0.00806005
-0.00770077
-0.00724602
-0.00671832
-0.00611542
-0.00564834
-0.0053586
-0.00515963
-0.00519228
-0.00546971
-0.0056194
-0.00545077
-0.00523664
-0.00520722
-0.00525745
-0.00523973
-0.00517717
-0.00513797
-0.00511881
-0.00508946
-0.00504756
-0.00500712
-0.00497588
-0.00495487
-0.004944
-0.00494277
-0.00494945
-0.00496186
-0.00497825
-0.00499736
-0.00501831
-0.00504055
-0.00506372
-0.00508771
-0.00511242
-0.0051379
-0.00516408
-0.00519109
-0.00521878
-0.00524737
-0.00527653
-0.00530672
-0.00533726
-0.00536905
-0.00540089
-0.00543434
-0.00546738
-0.00550248
-0.00553673
-0.00557338
-0.00560908
-0.00564688
-0.0056846
-0.00572288
-0.00576336
-0.00580152
-0.00584506
-0.00588346
-0.00592886
-0.00596956
-0.00601403
-0.00605962
-0.00610137
-0.00615081
-0.0061925
-0.00623923
-0.00628395
-0.00632307
-0.00636106
-0.00639277
-0.00640242
-0.00639764
0.00201575
0.00295101
0.00380169
0.00382434
0.00318821
0.00253279
0.00212585
0.00174417
0.00120175
0.000640099
0.000250623
2.32022e-05
-0.000224587
-0.000621803
-0.00103796
-0.00128873
-0.00145901
-0.00183433
-0.0024918
-0.00311683
-0.00361636
-0.0043122
-0.00514294
-0.00586395
-0.00660731
-0.00732525
-0.00779362
-0.00802533
-0.00797502
-0.0076326
-0.00719171
-0.0066774
-0.0060888
-0.00563573
-0.00535943
-0.00517021
-0.00520149
-0.00546742
-0.00560851
-0.00544199
-0.00523413
-0.00520684
-0.00525551
-0.00523689
-0.00517506
-0.00513671
-0.00511784
-0.00508868
-0.00504713
-0.00500707
-0.00497611
-0.00495525
-0.00494446
-0.00494323
-0.00494986
-0.0049622
-0.00497851
-0.00499754
-0.00501843
-0.00504062
-0.00506377
-0.00508774
-0.00511244
-0.00513791
-0.00516409
-0.00519109
-0.00521878
-0.00524737
-0.00527653
-0.00530672
-0.00533726
-0.00536906
-0.00540089
-0.00543434
-0.00546738
-0.00550248
-0.00553673
-0.00557338
-0.00560908
-0.00564688
-0.0056846
-0.00572288
-0.00576336
-0.00580152
-0.00584507
-0.00588345
-0.00592886
-0.00596956
-0.00601403
-0.00605962
-0.00610137
-0.00615082
-0.0061925
-0.00623925
-0.00628396
-0.00632311
-0.00636111
-0.00639279
-0.00640286
-0.00639792
0.00198253
0.00263007
0.00340322
0.00353602
0.0030289
0.00247426
0.00211035
0.00173262
0.00117526
0.000590095
0.000194656
-2.64234e-05
-0.000259493
-0.000639604
-0.00106537
-0.00132885
-0.00148974
-0.00186173
-0.00251126
-0.00312166
-0.00363039
-0.00432086
-0.00511375
-0.00580712
-0.00652242
-0.00719626
-0.0076394
-0.00788153
-0.0078588
-0.00753939
-0.00711181
-0.00661414
-0.00605017
-0.00562001
-0.00536293
-0.00518817
-0.00521664
-0.00546271
-0.00558969
-0.00542762
-0.00523
-0.00520518
-0.00525105
-0.00523148
-0.00517095
-0.00513333
-0.0051143
-0.00508537
-0.00504493
-0.00500629
-0.00497652
-0.00495642
-0.00494596
-0.0049447
-0.00495109
-0.00496312
-0.00497913
-0.00499793
-0.00501866
-0.00504074
-0.00506383
-0.00508776
-0.00511245
-0.00513791
-0.00516409
-0.00519109
-0.00521878
-0.00524737
-0.00527653
-0.00530672
-0.00533726
-0.00536906
-0.00540089
-0.00543434
-0.00546738
-0.00550248
-0.00553673
-0.00557338
-0.00560908
-0.00564688
-0.00568459
-0.00572288
-0.00576336
-0.00580152
-0.00584507
-0.00588346
-0.00592885
-0.00596957
-0.00601403
-0.00605963
-0.00610138
-0.00615083
-0.00619252
-0.00623928
-0.006284
-0.00632317
-0.00636121
-0.00639282
-0.00640349
-0.0063984
0.00189964
0.00238611
0.00305251
0.00323435
0.00283116
0.00236499
0.00206262
0.0017201
0.00115921
0.00055267
0.000156194
-5.14878e-05
-0.000275436
-0.000665391
-0.00111082
-0.00136799
-0.00151189
-0.00188709
-0.00252997
-0.00312703
-0.00364555
-0.00432077
-0.00506098
-0.0057234
-0.00641831
-0.00704864
-0.00746061
-0.00771555
-0.00772779
-0.00743396
-0.00702217
-0.00654929
-0.00601885
-0.005616
-0.00537837
-0.00521461
-0.00523386
-0.00545511
-0.00556809
-0.00541323
-0.00522702
-0.00520379
-0.00524593
-0.00522521
-0.00516594
-0.00512902
-0.00511009
-0.00508203
-0.00504325
-0.00500626
-0.00497758
-0.00495796
-0.00494754
-0.00494608
-0.00495217
-0.00496391
-0.00497968
-0.00499831
-0.00501891
-0.0050409
-0.00506393
-0.00508782
-0.00511248
-0.00513793
-0.0051641
-0.0051911
-0.00521878
-0.00524737
-0.00527653
-0.00530672
-0.00533726
-0.00536906
-0.00540089
-0.00543434
-0.00546737
-0.00550248
-0.00553673
-0.00557338
-0.00560908
-0.00564689
-0.00568459
-0.00572289
-0.00576336
-0.00580153
-0.00584506
-0.00588346
-0.00592885
-0.00596958
-0.00601403
-0.00605964
-0.00610139
-0.00615084
-0.00619255
-0.00623931
-0.00628404
-0.00632326
-0.00636133
-0.0063929
-0.00640422
-0.00639895
0.00181253
0.00223284
0.00270978
0.00286717
0.00257217
0.00221346
0.00201186
0.00174184
0.00119048
0.0005475
0.000121363
-8.2696e-05
-0.000308028
-0.000724314
-0.00117156
-0.0013962
-0.00153016
-0.00191736
-0.00254377
-0.00312272
-0.00365471
-0.00431196
-0.00499289
-0.00562605
-0.00630641
-0.00689281
-0.00727188
-0.00754179
-0.00759165
-0.00732801
-0.00694056
-0.00649989
-0.00600522
-0.00562663
-0.00540088
-0.00523975
-0.00524602
-0.00544413
-0.00554596
-0.00539905
-0.0052233
-0.00520073
-0.00523889
-0.00521727
-0.00515979
-0.00512417
-0.00510574
-0.0050785
-0.00504103
-0.00500529
-0.00497751
-0.00495847
-0.0049484
-0.00494709
-0.00495319
-0.00496483
-0.00498044
-0.00499888
-0.0050193
-0.00504116
-0.00506408
-0.00508791
-0.00511253
-0.00513795
-0.00516411
-0.0051911
-0.00521878
-0.00524737
-0.00527653
-0.00530672
-0.00533726
-0.00536906
-0.00540089
-0.00543434
-0.00546737
-0.00550248
-0.00553673
-0.00557338
-0.00560907
-0.00564689
-0.00568459
-0.00572289
-0.00576336
-0.00580153
-0.00584506
-0.00588347
-0.00592885
-0.00596958
-0.00601403
-0.00605965
-0.0061014
-0.00615085
-0.00619258
-0.00623935
-0.0062841
-0.00632335
-0.00636149
-0.00639301
-0.00640497
-0.00639953
0.00173845
0.0020832
0.00232165
0.00245634
0.0023248
0.00209513
0.00198501
0.00178018
0.00122798
0.000529814
6.06847e-05
-0.00014271
-0.00036052
-0.000778987
-0.00121223
-0.00141637
-0.00155589
-0.00194824
-0.00254902
-0.00311729
-0.00366607
-0.00429852
-0.0049182
-0.00552133
-0.00618579
-0.00673493
-0.00708774
-0.00737006
-0.0074567
-0.00723155
-0.00687622
-0.00646718
-0.00600092
-0.00563542
-0.00541151
-0.00525066
-0.00524894
-0.00542911
-0.00552089
-0.0053809
-0.00521531
-0.00519417
-0.00522948
-0.005208
-0.005153
-0.00511881
-0.00510059
-0.00507389
-0.00503782
-0.0050038
-0.00497754
-0.00495959
-0.0049501
-0.0049489
-0.00495479
-0.00496607
-0.00498132
-0.00499945
-0.00501965
-0.00504135
-0.00506419
-0.00508796
-0.00511255
-0.00513796
-0.00516411
-0.0051911
-0.00521878
-0.00524737
-0.00527653
-0.00530671
-0.00533726
-0.00536905
-0.00540088
-0.00543434
-0.00546737
-0.00550248
-0.00553673
-0.00557338
-0.00560907
-0.00564689
-0.00568459
-0.00572289
-0.00576336
-0.00580153
-0.00584506
-0.00588347
-0.00592885
-0.00596959
-0.00601403
-0.00605965
-0.00610142
-0.00615086
-0.00619263
-0.00623939
-0.00628419
-0.00632345
-0.00636167
-0.00639316
-0.0064057
-0.00640015
0.00162471
0.00185112
0.00192338
0.00209092
0.00214663
0.00202306
0.0019427
0.0017726
0.00122557
0.000499012
1.24488e-05
-0.000196223
-0.00040462
-0.000808181
-0.00124847
-0.00146391
-0.00159974
-0.00197584
-0.00255462
-0.00311876
-0.0036701
-0.00426854
-0.00483695
-0.00541572
-0.00606561
-0.00658624
-0.00691529
-0.0072022
-0.00732371
-0.00714314
-0.00682107
-0.00643443
-0.0059821
-0.00561934
-0.00539837
-0.00524793
-0.00524748
-0.00541237
-0.00549321
-0.00536034
-0.00520675
-0.00518878
-0.00522193
-0.00520042
-0.00514729
-0.00511399
-0.00509587
-0.00507005
-0.00503577
-0.00500356
-0.00497848
-0.00496103
-0.00495157
-0.00495016
-0.00495577
-0.00496681
-0.00498188
-0.00499987
-0.00501995
-0.00504156
-0.00506432
-0.00508804
-0.00511259
-0.00513798
-0.00516411
-0.0051911
-0.00521877
-0.00524736
-0.00527652
-0.00530671
-0.00533725
-0.00536905
-0.00540088
-0.00543433
-0.00546737
-0.00550248
-0.00553673
-0.00557338
-0.00560907
-0.00564689
-0.00568459
-0.00572289
-0.00576336
-0.00580153
-0.00584506
-0.00588348
-0.00592884
-0.0059696
-0.00601403
-0.00605966
-0.00610144
-0.00615087
-0.00619268
-0.00623943
-0.00628429
-0.00632356
-0.0063619
-0.00639333
-0.00640639
-0.00640081
0.00141306
0.00155925
0.00162459
0.0018279
0.00199632
0.00194659
0.00186317
0.00171593
0.00120905
0.000496098
1.64913e-06
-0.000239683
-0.000463829
-0.000857347
-0.0013085
-0.00152762
-0.00163795
-0.00199372
-0.00256063
-0.00311723
-0.00365954
-0.00422705
-0.00476093
-0.00532399
-0.00595344
-0.00643904
-0.0067437
-0.00703484
-0.00718937
-0.00705116
-0.00675538
-0.00637798
-0.00593098
-0.00557732
-0.00537578
-0.00524868
-0.00525274
-0.00540056
-0.00546964
-0.00534478
-0.00520357
-0.00518752
-0.00521641
-0.00519313
-0.00514112
-0.0051087
-0.00509081
-0.00506566
-0.00503261
-0.00500163
-0.00497755
-0.00496093
-0.00495213
-0.00495115
-0.00495694
-0.00496794
-0.00498281
-0.00500056
-0.00502042
-0.00504184
-0.00506447
-0.00508811
-0.00511262
-0.00513798
-0.00516411
-0.00519109
-0.00521876
-0.00524735
-0.00527651
-0.0053067
-0.00533724
-0.00536904
-0.00540087
-0.00543433
-0.00546736
-0.00550248
-0.00553672
-0.00557338
-0.00560907
-0.00564689
-0.00568459
-0.00572289
-0.00576336
-0.00580154
-0.00584506
-0.00588348
-0.00592884
-0.00596961
-0.00601404
-0.00605967
-0.00610147
-0.00615088
-0.00619274
-0.00623948
-0.00628442
-0.00632366
-0.00636216
-0.00639352
-0.00640705
-0.00640153
0.00112779
0.00130029
0.00146966
0.00162875
0.00180007
0.0018466
0.00179709
0.00166084
0.00119959
0.00050586
-1.70986e-05
-0.000307332
-0.000556447
-0.000928134
-0.00135224
-0.00156208
-0.00167075
-0.00202345
-0.00257465
-0.0031171
-0.00364518
-0.00417743
-0.00468407
-0.00523902
-0.00583907
-0.00628247
-0.00657103
-0.00687057
-0.00704754
-0.0069377
-0.00665899
-0.00629083
-0.00586333
-0.00554028
-0.00537102
-0.00526619
-0.00526839
-0.00539519
-0.00545074
-0.0053315
-0.00519925
-0.00518223
-0.00520574
-0.00518123
-0.00513141
-0.00510058
-0.0050832
-0.00505903
-0.00502796
-0.00499934
-0.00497733
-0.00496211
-0.00495396
-0.00495303
-0.0049585
-0.00496908
-0.00498358
-0.00500104
-0.00502071
-0.00504202
-0.00506457
-0.00508816
-0.00511264
-0.00513798
-0.0051641
-0.00519108
-0.00521875
-0.00524734
-0.0052765
-0.00530669
-0.00533723
-0.00536903
-0.00540087
-0.00543432
-0.00546736
-0.00550247
-0.00553672
-0.00557338
-0.00560907
-0.00564689
-0.00568458
-0.00572289
-0.00576335
-0.00580154
-0.00584505
-0.00588349
-0.00592884
-0.00596961
-0.00601405
-0.00605967
-0.0061015
-0.00615089
-0.00619281
-0.00623954
-0.00628455
-0.00632379
-0.00636246
-0.00639373
-0.00640769
-0.00640229
0.000870776
0.00112783
0.00139115
0.00145172
0.00158679
0.00176986
0.00178665
0.00160793
0.00114908
0.00047578
-7.63108e-05
-0.000395531
-0.000640085
-0.000973482
-0.00136368
-0.00159575
-0.00173795
-0.00207191
-0.00258447
-0.00311084
-0.00361443
-0.00410449
-0.00460123
-0.00516192
-0.0057262
-0.00612293
-0.00639925
-0.00670213
-0.00688512
-0.00679204
-0.00653718
-0.00620249
-0.00581929
-0.00553361
-0.00538496
-0.00528761
-0.00528036
-0.00538362
-0.00542328
-0.00530744
-0.00518429
-0.00516903
-0.0051907
-0.0051676
-0.00512144
-0.00509314
-0.00507718
-0.00505481
-0.00502592
-0.00499902
-0.00497789
-0.00496294
-0.00495479
-0.00495382
-0.00495925
-0.00496979
-0.00498422
-0.00500158
-0.00502111
-0.00504228
-0.00506473
-0.00508824
-0.00511267
-0.00513798
-0.00516409
-0.00519106
-0.00521873
-0.00524732
-0.00527648
-0.00530667
-0.00533722
-0.00536902
-0.00540086
-0.00543432
-0.00546735
-0.00550247
-0.00553671
-0.00557337
-0.00560906
-0.00564688
-0.00568458
-0.00572289
-0.00576335
-0.00580154
-0.00584505
-0.00588349
-0.00592885
-0.00596962
-0.00601406
-0.00605968
-0.00610154
-0.00615091
-0.00619289
-0.0062396
-0.00628471
-0.00632394
-0.00636278
-0.00639397
-0.0064083
-0.00640309
0.000738346
0.00101481
0.00129571
0.00132227
0.0014485
0.00171649
0.00175837
0.00149651
0.00102756
0.000414633
-0.000139059
-0.000471199
-0.000691344
-0.000998509
-0.00138711
-0.00165921
-0.00181608
-0.00209689
-0.00257369
-0.00310047
-0.0035721
-0.00402303
-0.00452895
-0.00509295
-0.00560658
-0.00595737
-0.00622773
-0.00652633
-0.0067016
-0.00662815
-0.00642248
-0.0061467
-0.00580805
-0.00553654
-0.00538484
-0.00528596
-0.0052713
-0.00535535
-0.00538347
-0.00527675
-0.00516905
-0.00515999
-0.00518127
-0.00515916
-0.00511573
-0.00508883
-0.00507269
-0.00505008
-0.00502161
-0.00499565
-0.00497577
-0.00496216
-0.00495516
-0.00495488
-0.00496054
-0.00497098
-0.00498514
-0.00500221
-0.0050215
-0.0050425
-0.00506483
-0.00508828
-0.00511267
-0.00513797
-0.00516406
-0.00519103
-0.0052187
-0.00524729
-0.00527646
-0.00530665
-0.0053372
-0.00536901
-0.00540084
-0.00543431
-0.00546734
-0.00550246
-0.00553671
-0.00557337
-0.00560906
-0.00564688
-0.00568458
-0.00572289
-0.00576335
-0.00580154
-0.00584505
-0.0058835
-0.00592885
-0.00596962
-0.00601408
-0.00605968
-0.00610159
-0.00615092
-0.00619299
-0.00623967
-0.00628489
-0.0063241
-0.00636311
-0.00639425
-0.00640888
-0.00640391
0.00067029
0.000871732
0.00115639
0.00129323
0.00142095
0.00161878
0.00162645
0.00133693
0.000896831
0.000365015
-0.00018392
-0.000550908
-0.000756495
-0.00103055
-0.00140928
-0.00170726
-0.00187032
-0.00210789
-0.00256996
-0.00310349
-0.00353032
-0.00393826
-0.00445637
-0.00501504
-0.00547762
-0.00580096
-0.00606986
-0.00634283
-0.00649989
-0.00646841
-0.00633761
-0.00611497
-0.00578969
-0.00550639
-0.00534713
-0.00525753
-0.00525013
-0.00532765
-0.00535289
-0.00525889
-0.00516542
-0.00515846
-0.00517476
-0.00514982
-0.00510624
-0.00507891
-0.00506228
-0.00504079
-0.00501515
-0.00499244
-0.00497512
-0.00496301
-0.00495657
-0.00495626
-0.00496165
-0.0049718
-0.00498574
-0.00500264
-0.0050218
-0.00504269
-0.00506494
-0.00508832
-0.00511267
-0.00513795
-0.00516403
-0.00519099
-0.00521867
-0.00524726
-0.00527643
-0.00530662
-0.00533718
-0.00536899
-0.00540083
-0.00543429
-0.00546733
-0.00550245
-0.0055367
-0.00557336
-0.00560905
-0.00564688
-0.00568458
-0.00572289
-0.00576335
-0.00580155
-0.00584505
-0.0058835
-0.00592886
-0.00596963
-0.00601411
-0.00605968
-0.00610164
-0.00615094
-0.0061931
-0.00623975
-0.00628509
-0.00632429
-0.00636346
-0.00639457
-0.00640944
-0.00640475
0.000529252
0.000708358
0.00107705
0.00137876
0.00144052
0.00142791
0.00139896
0.00118318
0.000782665
0.000291405
-0.00025176
-0.000655545
-0.000835087
-0.00102839
-0.00137814
-0.00173156
-0.00194058
-0.00214639
-0.00257409
-0.00309913
-0.00348432
-0.0038548
-0.00438435
-0.00493724
-0.00535587
-0.0056545
-0.00590687
-0.00614277
-0.00629892
-0.0063323
-0.00626552
-0.00605908
-0.00572494
-0.00543889
-0.00529573
-0.0052358
-0.00524778
-0.00532189
-0.00533846
-0.00524652
-0.00515774
-0.00514745
-0.00515705
-0.00513028
-0.00508975
-0.00506653
-0.00505356
-0.00503541
-0.00501241
-0.0049912
-0.0049745
-0.00496269
-0.00495657
-0.00495661
-0.00496226
-0.00497251
-0.0049864
-0.00500316
-0.00502216
-0.0050429
-0.00506504
-0.00508835
-0.00511265
-0.00513791
-0.00516398
-0.00519094
-0.00521862
-0.00524722
-0.00527639
-0.00530659
-0.00533715
-0.00536896
-0.00540081
-0.00543428
-0.00546732
-0.00550244
-0.00553669
-0.00557336
-0.00560905
-0.00564688
-0.00568457
-0.00572289
-0.00576335
-0.00580155
-0.00584506
-0.0058835
-0.00592887
-0.00596963
-0.00601414
-0.00605969
-0.00610171
-0.00615096
-0.00619322
-0.00623984
-0.00628531
-0.00632452
-0.00636381
-0.00639493
-0.00640997
-0.0064056
0.000361475
0.000652792
0.00111182
0.00143263
0.00136251
0.00116826
0.00114811
0.00104076
0.000646636
0.000159464
-0.000331085
-0.000717102
-0.000859541
-0.000987479
-0.00134759
-0.00178452
-0.00203843
-0.00219721
-0.00256671
-0.00308204
-0.00345406
-0.00379391
-0.00431129
-0.0048473
-0.00522473
-0.00549183
-0.00573003
-0.00595691
-0.00612808
-0.00619811
-0.00615286
-0.00595267
-0.00563739
-0.00538399
-0.00527456
-0.00524171
-0.00526006
-0.00531543
-0.00531054
-0.00521427
-0.0051315
-0.00512461
-0.00513595
-0.00511449
-0.00508086
-0.00506146
-0.00504873
-0.00502972
-0.00500661
-0.0049864
-0.00497138
-0.00496134
-0.00495658
-0.00495735
-0.00496321
-0.00497336
-0.00498705
-0.0050036
-0.00502242
-0.00504304
-0.00506509
-0.00508835
-0.00511262
-0.00513785
-0.00516391
-0.00519088
-0.00521856
-0.00524716
-0.00527634
-0.00530655
-0.00533712
-0.00536893
-0.00540078
-0.00543425
-0.0054673
-0.00550243
-0.00553668
-0.00557335
-0.00560904
-0.00564687
-0.00568457
-0.00572289
-0.00576335
-0.00580155
-0.00584506
-0.0058835
-0.00592888
-0.00596963
-0.00601417
-0.00605969
-0.00610179
-0.00615098
-0.00619336
-0.00623995
-0.00628553
-0.00632477
-0.00636418
-0.00639533
-0.00641049
-0.00640646
0.000310326
0.000704142
0.00111261
0.00128687
0.00116894
0.000969154
0.000945841
0.00087178
0.000473951
5.39548e-06
-0.000379128
-0.000699074
-0.000850774
-0.000999338
-0.00138575
-0.00184792
-0.00210802
-0.00224142
-0.00257065
-0.00307039
-0.00343162
-0.00373466
-0.00421898
-0.00473482
-0.00507942
-0.00531977
-0.00556488
-0.0058063
-0.00596928
-0.00602305
-0.00598807
-0.00583829
-0.00558744
-0.00537327
-0.00527232
-0.00523591
-0.00524279
-0.00527785
-0.00526057
-0.00517306
-0.00510899
-0.00511404
-0.00512853
-0.00510707
-0.00507226
-0.00505058
-0.00503641
-0.00501859
-0.00499876
-0.00498207
-0.0049696
-0.00496097
-0.00495682
-0.0049578
-0.00496369
-0.00497382
-0.00498745
-0.00500392
-0.00502264
-0.00504316
-0.00506513
-0.00508832
-0.00511256
-0.00513777
-0.00516383
-0.00519079
-0.00521848
-0.00524709
-0.00527628
-0.0053065
-0.00533707
-0.0053689
-0.00540075
-0.00543423
-0.00546728
-0.00550241
-0.00553666
-0.00557333
-0.00560903
-0.00564686
-0.00568456
-0.00572288
-0.00576335
-0.00580155
-0.00584507
-0.0058835
-0.0059289
-0.00596963
-0.00601421
-0.00605969
-0.00610187
-0.00615102
-0.0061935
-0.00624009
-0.00628576
-0.00632507
-0.00636455
-0.00639576
-0.00641101
-0.0064073
0.000366828
0.000727116
0.000975548
0.00101877
0.000972417
0.000847431
0.000737711
0.000632871
0.000303324
-0.000118359
-0.000415253
-0.000660222
-0.000858472
-0.00106668
-0.00144668
-0.00188725
-0.00214765
-0.00229177
-0.00260185
-0.00305349
-0.00338064
-0.00366855
-0.00413124
-0.00460747
-0.00491328
-0.00515411
-0.00543186
-0.0056756
-0.00579215
-0.005814
-0.00581929
-0.00576028
-0.00557616
-0.0053636
-0.00523174
-0.00518086
-0.00519351
-0.00523568
-0.00522662
-0.00515467
-0.00510395
-0.00510883
-0.00511424
-0.00508631
-0.00505175
-0.00503419
-0.00502479
-0.00501097
-0.00499385
-0.00497867
-0.00496709
-0.00495926
-0.00495591
-0.00495757
-0.0049639
-0.00497421
-0.00498783
-0.00500421
-0.00502281
-0.00504322
-0.00506511
-0.00508826
-0.00511246
-0.00513766
-0.00516372
-0.00519069
-0.00521839
-0.00524701
-0.00527621
-0.00530643
-0.00533702
-0.00536885
-0.00540071
-0.0054342
-0.00546725
-0.00550239
-0.00553664
-0.00557332
-0.00560902
-0.00564685
-0.00568456
-0.00572288
-0.00576335
-0.00580154
-0.00584507
-0.0058835
-0.00592892
-0.00596963
-0.00601426
-0.00605969
-0.00610196
-0.00615106
-0.00619365
-0.00624025
-0.006286
-0.00632541
-0.00636493
-0.00639622
-0.00641154
-0.00640813
0.000432621
0.000675309
0.000784326
0.00076563
0.00073328
0.000644307
0.000502592
0.000432001
0.000219996
-0.000203556
-0.00049465
-0.000648239
-0.000857987
-0.00113031
-0.00152487
-0.00196021
-0.00219365
-0.00232317
-0.00262057
-0.00301198
-0.00330835
-0.00361784
-0.00404905
-0.00444944
-0.00474497
-0.00503893
-0.00533103
-0.00551866
-0.00558363
-0.00561952
-0.00568759
-0.00569258
-0.00553567
-0.00530626
-0.0051525
-0.00511502
-0.00516363
-0.00522697
-0.0052168
-0.00513745
-0.00508081
-0.00508066
-0.00508506
-0.00506296
-0.00503702
-0.00502501
-0.00501694
-0.00500286
-0.00498615
-0.00497246
-0.00496289
-0.00495691
-0.00495491
-0.00495734
-0.00496401
-0.00497441
-0.00498802
-0.00500433
-0.00502286
-0.00504321
-0.00506504
-0.00508815
-0.00511233
-0.00513752
-0.00516358
-0.00519056
-0.00521827
-0.0052469
-0.00527612
-0.00530636
-0.00533695
-0.00536879
-0.00540067
-0.00543416
-0.00546722
-0.00550236
-0.00553662
-0.0055733
-0.005609
-0.00564684
-0.00568455
-0.00572287
-0.00576335
-0.00580154
-0.00584508
-0.0058835
-0.00592895
-0.00596962
-0.00601432
-0.0060597
-0.00610206
-0.00615112
-0.0061938
-0.00624045
-0.00628625
-0.00632578
-0.00636532
-0.00639669
-0.00641207
-0.00640894
0.000470651
0.000593905
0.000603688
0.000506122
0.000399423
0.000391673
0.000392405
0.000371889
0.000150691
-0.000334304
-0.000622989
-0.000666442
-0.000858997
-0.001218
-0.00165648
-0.00204973
-0.00219584
-0.00229344
-0.00259689
-0.00296007
-0.00326495
-0.00359414
-0.00395123
-0.00429113
-0.00463527
-0.00495953
-0.00518263
-0.00530426
-0.00539194
-0.00548543
-0.00556903
-0.0055676
-0.00543161
-0.00523721
-0.00510637
-0.00508867
-0.00515458
-0.0052135
-0.00518116
-0.00508883
-0.00503923
-0.00505406
-0.00506914
-0.00505122
-0.00502528
-0.00501171
-0.00500302
-0.00499052
-0.0049769
-0.00496635
-0.00495908
-0.00495459
-0.00495352
-0.00495656
-0.00496363
-0.00497426
-0.00498797
-0.0050043
-0.0050228
-0.0050431
-0.0050649
-0.00508798
-0.00511215
-0.00513734
-0.00516341
-0.0051904
-0.00521813
-0.00524678
-0.00527601
-0.00530626
-0.00533687
-0.00536873
-0.00540061
-0.00543411
-0.00546718
-0.00550233
-0.0055366
-0.00557328
-0.00560899
-0.00564683
-0.00568454
-0.00572286
-0.00576335
-0.00580154
-0.00584509
-0.00588349
-0.00592898
-0.00596962
-0.00601438
-0.00605971
-0.00610216
-0.0061512
-0.00619396
-0.00624068
-0.0062865
-0.0063262
-0.00636572
-0.00639719
-0.00641261
-0.00640974
0.000427264
0.000460021
0.000392312
0.000243303
0.000133508
0.000239543
0.00035479
0.000264288
-4.33671e-05
-0.000467029
-0.000693597
-0.000729511
-0.000936169
-0.00133503
-0.00174492
-0.00204059
-0.00215656
-0.00227587
-0.00255946
-0.00292489
-0.00329022
-0.00358871
-0.00382584
-0.00415687
-0.00456089
-0.00482934
-0.00496133
-0.00510787
-0.00527055
-0.00536969
-0.00540285
-0.00539009
-0.00532556
-0.0052188
-0.00510979
-0.00505948
-0.00509756
-0.0051526
-0.00512855
-0.00505118
-0.0050185
-0.00504176
-0.00505401
-0.00503033
-0.00500315
-0.00499285
-0.00498865
-0.00497983
-0.00496876
-0.00496003
-0.00495425
-0.00495112
-0.00495125
-0.00495521
-0.00496288
-0.00497385
-0.00498772
-0.0050041
-0.0050226
-0.00504288
-0.00506466
-0.00508773
-0.0051119
-0.0051371
-0.00516319
-0.0051902
-0.00521795
-0.00524662
-0.00527587
-0.00530615
-0.00533677
-0.00536864
-0.00540054
-0.00543405
-0.00546713
-0.00550229
-0.00553657
-0.00557325
-0.00560897
-0.00564681
-0.00568453
-0.00572285
-0.00576335
-0.00580153
-0.00584511
-0.00588349
-0.00592901
-0.00596962
-0.00601445
-0.00605973
-0.00610227
-0.0061513
-0.00619411
-0.00624095
-0.00628675
-0.00632664
-0.00636615
-0.00639769
-0.00641318
-0.00641052
0.000188179
0.000229054
0.000187958
0.000111847
5.30029e-05
0.000111929
0.000156917
2.68319e-05
-0.000189001
-0.000442015
-0.000714807
-0.000916012
-0.00111072
-0.00139676
-0.00170814
-0.00198056
-0.00218666
-0.00231858
-0.00251041
-0.00290648
-0.00334851
-0.00355823
-0.00367952
-0.00403929
-0.00446581
-0.00464675
-0.00475006
-0.00497911
-0.00516886
-0.00520619
-0.00521199
-0.00524879
-0.0052619
-0.0052042
-0.00507954
-0.00497925
-0.00500544
-0.00509871
-0.00511107
-0.00503829
-0.00499429
-0.00501038
-0.00502304
-0.00500407
-0.00498297
-0.00497755
-0.00497588
-0.00496826
-0.00495859
-0.00495183
-0.00494822
-0.00494696
-0.0049485
-0.00495342
-0.00496171
-0.00497307
-0.00498715
-0.00500365
-0.00502221
-0.00504252
-0.00506431
-0.00508739
-0.00511158
-0.00513681
-0.00516292
-0.00518996
-0.00521773
-0.00524644
-0.00527571
-0.00530601
-0.00533666
-0.00536855
-0.00540046
-0.00543398
-0.00546708
-0.00550224
-0.00553653
-0.00557322
-0.00560895
-0.00564679
-0.00568452
-0.00572284
-0.00576335
-0.00580152
-0.00584512
-0.00588348
-0.00592905
-0.00596962
-0.00601452
-0.00605976
-0.00610237
-0.00615143
-0.00619427
-0.00624125
-0.00628702
-0.0063271
-0.00636661
-0.00639819
-0.00641376
-0.00641127
-0.000167315
4.54987e-05
0.0001618
0.00017051
4.50899e-05
-0.000104356
-0.000154314
-0.000142526
-0.000170813
-0.000417419
-0.000869314
-0.00118836
-0.00127444
-0.00138216
-0.00162629
-0.00195358
-0.00224349
-0.00235904
-0.00248844
-0.00290567
-0.00336111
-0.00350082
-0.0035663
-0.00391169
-0.00431538
-0.00448247
-0.00461343
-0.00486601
-0.00502161
-0.00502585
-0.00507039
-0.00515736
-0.00516983
-0.00510822
-0.00500678
-0.00492291
-0.00495554
-0.00506498
-0.0050875
-0.00500376
-0.00494823
-0.00497039
-0.00499692
-0.00498538
-0.00496504
-0.0049595
-0.00495923
-0.00495405
-0.00494714
-0.00494305
-0.00494167
-0.00494215
-0.00494501
-0.00495094
-0.00495997
-0.00497183
-0.00498624
-0.00500294
-0.00502161
-0.00504199
-0.00506383
-0.00508695
-0.00511117
-0.00513643
-0.00516258
-0.00518966
-0.00521747
-0.00524621
-0.00527552
-0.00530584
-0.00533652
-0.00536843
-0.00540036
-0.0054339
-0.00546701
-0.00550219
-0.00553648
-0.00557319
-0.00560892
-0.00564677
-0.00568451
-0.00572283
-0.00576335
-0.00580151
-0.00584514
-0.00588348
-0.00592909
-0.00596963
-0.00601459
-0.00605981
-0.00610248
-0.00615159
-0.00619443
-0.00624158
-0.00628731
-0.00632758
-0.0063671
-0.0063987
-0.00641435
-0.00641202
-0.00033013
6.57057e-05
0.000275688
0.000211384
-7.88219e-05
-0.000374222
-0.0004029
-0.000246969
-0.000246453
-0.000581792
-0.00105607
-0.00133504
-0.0013589
-0.00135985
-0.00155244
-0.0019306
-0.00228501
-0.00243937
-0.00255521
-0.00288718
-0.00327512
-0.00342569
-0.00348139
-0.00375886
-0.00416773
-0.0044056
-0.00451585
-0.00469014
-0.00484408
-0.00489733
-0.00496089
-0.0050271
-0.00501792
-0.00499324
-0.00497446
-0.00492063
-0.00490955
-0.00498688
-0.00502634
-0.00496587
-0.00491559
-0.0049396
-0.00497141
-0.00496222
-0.00494144
-0.00493751
-0.00494118
-0.00493968
-0.00493534
-0.00493335
-0.00493398
-0.00493627
-0.00494064
-0.00494775
-0.00495765
-0.00497012
-0.00498494
-0.0050019
-0.00502075
-0.00504125
-0.00506318
-0.00508637
-0.00511065
-0.00513597
-0.00516217
-0.0051893
-0.00521716
-0.00524594
-0.00527529
-0.00530565
-0.00533635
-0.00536829
-0.00540025
-0.0054338
-0.00546693
-0.00550212
-0.00553643
-0.00557314
-0.00560889
-0.00564674
-0.00568449
-0.00572281
-0.00576335
-0.0058015
-0.00584516
-0.00588348
-0.00592914
-0.00596964
-0.00601466
-0.00605988
-0.00610258
-0.00615177
-0.0061946
-0.00624194
-0.00628763
-0.00632806
-0.00636763
-0.00639921
-0.00641494
-0.00641276
-0.000276124
4.70908e-05
0.000164451
-1.28165e-05
-0.000332685
-0.000562425
-0.000537961
-0.000419008
-0.000456987
-0.00071746
-0.00109256
-0.00136524
-0.00140769
-0.00137477
-0.00155577
-0.00197475
-0.00236068
-0.00253323
-0.00260347
-0.0027932
-0.00310733
-0.0033353
-0.00345123
-0.00368944
-0.00407415
-0.00431328
-0.00436121
-0.00449029
-0.00470277
-0.00479391
-0.00481238
-0.00486524
-0.00490557
-0.00492868
-0.00493809
-0.00488099
-0.00483164
-0.00489445
-0.00497185
-0.00494604
-0.00489068
-0.00489998
-0.00493391
-0.00493407
-0.00491794
-0.004916
-0.0049225
-0.00492399
-0.00492201
-0.00492222
-0.00492511
-0.00492944
-0.00493545
-0.00494381
-0.00495467
-0.00496784
-0.00498317
-0.00500049
-0.00501959
-0.00504027
-0.00506233
-0.00508563
-0.00511
-0.0051354
-0.00516168
-0.00518887
-0.00521679
-0.00524562
-0.00527501
-0.00530541
-0.00533615
-0.00536813
-0.00540011
-0.00543369
-0.00546684
-0.00550204
-0.00553637
-0.00557309
-0.00560885
-0.00564671
-0.00568447
-0.00572279
-0.00576335
-0.00580149
-0.00584518
-0.00588348
-0.00592918
-0.00596966
-0.00601473
-0.00605996
-0.00610269
-0.00615198
-0.00619477
-0.00624231
-0.00628798
-0.00632854
-0.00636819
-0.00639972
-0.00641554
-0.00641348
-0.000376274
-0.000297611
-0.000243987
-0.00031363
-0.000435493
-0.00053776
-0.000582662
-0.00059368
-0.000636249
-0.000820953
-0.00114173
-0.00137785
-0.00144328
-0.00149393
-0.00169478
-0.00204419
-0.00235347
-0.00250424
-0.00258075
-0.00271522
-0.00297506
-0.00328746
-0.00351202
-0.00367835
-0.00390402
-0.00411432
-0.0042244
-0.00436654
-0.00456339
-0.004652
-0.00467332
-0.00475683
-0.00482832
-0.00483422
-0.00483392
-0.0048141
-0.00478467
-0.00483264
-0.0049142
-0.0049101
-0.00485611
-0.00485576
-0.0048943
-0.00490648
-0.00489502
-0.00489286
-0.00490115
-0.00490627
-0.0049074
-0.00491003
-0.00491517
-0.00492158
-0.00492929
-0.00493901
-0.00495095
-0.00496495
-0.00498089
-0.00499865
-0.00501809
-0.00503901
-0.00506126
-0.0050847
-0.0051092
-0.00513471
-0.00516108
-0.00518835
-0.00521634
-0.00524524
-0.00527469
-0.00530514
-0.00533592
-0.00536793
-0.00539995
-0.00543355
-0.00546673
-0.00550195
-0.0055363
-0.00557303
-0.0056088
-0.00564667
-0.00568445
-0.00572276
-0.00576334
-0.00580148
-0.0058452
-0.00588348
-0.00592922
-0.0059697
-0.0060148
-0.00606007
-0.0061028
-0.00615221
-0.00619497
-0.00624269
-0.00628836
-0.00632901
-0.00636878
-0.00640025
-0.00641613
-0.0064142
-0.000664365
-0.000662619
-0.00048637
-0.000331134
-0.000317934
-0.000462648
-0.00067119
-0.000823438
-0.00091649
-0.00102262
-0.00116906
-0.00133145
-0.00150862
-0.00167538
-0.0018236
-0.00201873
-0.002248
-0.00245539
-0.00261281
-0.0027129
-0.00290669
-0.00327368
-0.00354291
-0.0035792
-0.00367447
-0.00395134
-0.00416642
-0.00426259
-0.0043918
-0.00452201
-0.00458557
-0.00464613
-0.00469819
-0.0047115
-0.00474036
-0.00476955
-0.00475488
-0.00476681
-0.00483243
-0.00485759
-0.00482506
-0.00481888
-0.00485371
-0.00487413
-0.00486905
-0.00486793
-0.00487812
-0.00488713
-0.00489164
-0.00489664
-0.00490398
-0.00491254
-0.0049221
-0.00493331
-0.00494642
-0.00496136
-0.00497803
-0.00499634
-0.00501619
-0.00503743
-0.00505992
-0.00508357
-0.00510823
-0.00513387
-0.00516035
-0.00518773
-0.00521581
-0.00524479
-0.00527431
-0.00530481
-0.00533565
-0.0053677
-0.00539976
-0.0054334
-0.0054666
-0.00550184
-0.00553621
-0.00557296
-0.00560875
-0.00564662
-0.00568442
-0.00572274
-0.00576334
-0.00580147
-0.00584521
-0.00588349
-0.00592926
-0.00596974
-0.00601487
-0.00606019
-0.00610291
-0.00615246
-0.00619518
-0.00624307
-0.00628878
-0.00632949
-0.00636939
-0.0064008
-0.00641672
-0.00641491
-0.000737802
-0.000658519
-0.000436133
-0.000295432
-0.000374053
-0.00064246
-0.000948024
-0.00112137
-0.00112592
-0.00105365
-0.00109157
-0.00133429
-0.00163327
-0.00181632
-0.00188817
-0.00198563
-0.00220545
-0.00246971
-0.00262367
-0.00269602
-0.00290815
-0.00325684
-0.00343721
-0.00342325
-0.00355296
-0.00387616
-0.00408854
-0.00414075
-0.00424759
-0.00440172
-0.00446917
-0.0045049
-0.00457537
-0.00463152
-0.00466913
-0.00470005
-0.00469661
-0.00469945
-0.00475603
-0.00480332
-0.00479309
-0.00478239
-0.00480928
-0.00483659
-0.00484099
-0.00484261
-0.0048539
-0.00486621
-0.00487432
-0.00488193
-0.00489153
-0.00490231
-0.00491384
-0.00492664
-0.00494105
-0.00495704
-0.00497453
-0.00499349
-0.00501384
-0.00503548
-0.00505829
-0.00508218
-0.00510705
-0.00513287
-0.0051595
-0.005187
-0.00521519
-0.00524426
-0.00527386
-0.00530444
-0.00533533
-0.00536744
-0.00539954
-0.00543321
-0.00546645
-0.00550172
-0.00553611
-0.00557288
-0.00560869
-0.00564657
-0.00568439
-0.00572271
-0.00576333
-0.00580146
-0.00584523
-0.0058835
-0.0059293
-0.0059698
-0.00601494
-0.00606033
-0.00610304
-0.00615272
-0.00619543
-0.00624345
-0.00628923
-0.00632996
-0.00637
-0.00640136
-0.00641729
-0.0064156
-0.000592771
-0.000580641
-0.000550303
-0.000581761
-0.000727354
-0.000941207
-0.00109922
-0.00111642
-0.00104313
-0.00102523
-0.00120133
-0.00152048
-0.00177256
-0.00187661
-0.00190519
-0.00198508
-0.00220253
-0.00244572
-0.00259592
-0.00274582
-0.00296002
-0.00313756
-0.00323385
-0.00335097
-0.00356536
-0.00380439
-0.00394873
-0.00401517
-0.00411902
-0.00425916
-0.00434833
-0.00440739
-0.0044858
-0.00454392
-0.00457239
-0.00460805
-0.00463472
-0.00464859
-0.00468987
-0.00473959
-0.0047498
-0.00474472
-0.00476599
-0.00479678
-0.00481032
-0.00481601
-0.00482833
-0.00484347
-0.00485541
-0.00486596
-0.00487785
-0.00489087
-0.00490445
-0.00491896
-0.00493477
-0.00495192
-0.00497036
-0.00499007
-0.00501102
-0.00503313
-0.00505632
-0.00508053
-0.00510565
-0.00513167
-0.00515849
-0.00518614
-0.00521446
-0.00524364
-0.00527334
-0.005304
-0.00533497
-0.00536713
-0.00539928
-0.005433
-0.00546627
-0.00550157
-0.005536
-0.00557278
-0.00560862
-0.00564651
-0.00568435
-0.00572267
-0.00576332
-0.00580145
-0.00584524
-0.00588352
-0.00592934
-0.00596987
-0.00601501
-0.00606048
-0.00610318
-0.00615298
-0.0061957
-0.00624383
-0.0062897
-0.00633044
-0.00637061
-0.00640194
-0.00641784
-0.00641627
-0.000635156
-0.000771306
-0.000869897
-0.000909718
-0.00092282
-0.000927826
-0.000943596
-0.000998209
-0.0011143
-0.00129986
-0.0015075
-0.00166202
-0.00174647
-0.00180318
-0.001883
-0.00203957
-0.00226181
-0.00245426
-0.00261125
-0.00277764
-0.00288825
-0.00296142
-0.00314498
-0.00340219
-0.003568
-0.00365708
-0.00377099
-0.0039017
-0.00402406
-0.00414949
-0.00425071
-0.00431396
-0.00437476
-0.00443545
-0.00448232
-0.00453049
-0.00457213
-0.00459354
-0.00462385
-0.00467137
-0.00469979
-0.00470665
-0.00472465
-0.00475505
-0.00477612
-0.0047876
-0.0048018
-0.00481933
-0.00483493
-0.00484864
-0.00486295
-0.00487821
-0.00489392
-0.00491025
-0.00492757
-0.00494598
-0.00496547
-0.00498603
-0.00500767
-0.00503034
-0.00505399
-0.00507856
-0.00510399
-0.00513027
-0.0051573
-0.00518514
-0.00521361
-0.00524292
-0.00527273
-0.00530349
-0.00533454
-0.00536677
-0.00539899
-0.00543275
-0.00546607
-0.00550141
-0.00553587
-0.00557267
-0.00560853
-0.00564644
-0.0056843
-0.00572264
-0.0057633
-0.00580144
-0.00584525
-0.00588354
-0.00592938
-0.00596994
-0.00601509
-0.00606063
-0.00610333
-0.00615324
-0.006196
-0.00624421
-0.0062902
-0.00633093
-0.00637121
-0.00640254
-0.00641839
-0.00641691
-0.000831551
-0.000940242
-0.00096776
-0.000916686
-0.000852325
-0.000862976
-0.00099849
-0.00121751
-0.00142645
-0.00154438
-0.00155507
-0.0015538
-0.00163954
-0.00181122
-0.00202353
-0.00220286
-0.00230076
-0.00239885
-0.00257155
-0.00272584
-0.00280116
-0.00293524
-0.00318926
-0.00338428
-0.0034315
-0.00349335
-0.00366807
-0.00384636
-0.00395191
-0.00403685
-0.00412871
-0.00420481
-0.00427408
-0.00434598
-0.00440422
-0.00445192
-0.00449685
-0.0045306
-0.00456308
-0.00460751
-0.00464542
-0.00466438
-0.00468347
-0.00471283
-0.00473939
-0.00475728
-0.00477436
-0.00479404
-0.00481295
-0.00482997
-0.00484686
-0.0048644
-0.00488227
-0.00490051
-0.00491944
-0.0049392
-0.00495984
-0.00498136
-0.00500378
-0.00502709
-0.00505126
-0.00507627
-0.00510207
-0.00512865
-0.00515593
-0.00518398
-0.00521263
-0.0052421
-0.00527204
-0.00530291
-0.00533405
-0.00536637
-0.00539865
-0.00543247
-0.00546584
-0.00550122
-0.00553571
-0.00557255
-0.00560844
-0.00564636
-0.00568425
-0.00572259
-0.00576328
-0.00580143
-0.00584526
-0.00588357
-0.00592942
-0.00597002
-0.00601518
-0.00606079
-0.0061035
-0.00615351
-0.00619632
-0.00624459
-0.00629069
-0.00633142
-0.0063718
-0.00640314
-0.00641893
-0.00641753
-0.000872133
-0.000896748
-0.000904422
-0.000918044
-0.000978179
-0.00110887
-0.0012768
-0.00141195
-0.00146319
-0.00144824
-0.00146028
-0.00158307
-0.0017977
-0.00200968
-0.00212971
-0.0021525
-0.00220846
-0.00239322
-0.00258832
-0.00268616
-0.00279276
-0.00298492
-0.00315222
-0.00322537
-0.00330134
-0.00345998
-0.00364117
-0.00376043
-0.00383159
-0.00391785
-0.00402606
-0.00411884
-0.00419048
-0.00425757
-0.00431819
-0.00437092
-0.00442233
-0.00446727
-0.00450495
-0.00454651
-0.0045881
-0.00461779
-0.00464197
-0.00467135
-0.00470123
-0.00472497
-0.00474585
-0.00476786
-0.00478974
-0.00481005
-0.00482967
-0.00484952
-0.00486957
-0.00488978
-0.0049104
-0.00493161
-0.00495348
-0.00497603
-0.00499932
-0.00502336
-0.00504813
-0.00507364
-0.00509985
-0.00512678
-0.00515435
-0.00518265
-0.00521151
-0.00524115
-0.00527125
-0.00530224
-0.0053335
-0.00536591
-0.00539827
-0.00543216
-0.00546558
-0.005501
-0.00553554
-0.00557241
-0.00560833
-0.00564627
-0.00568419
-0.00572255
-0.00576325
-0.00580141
-0.00584526
-0.0058836
-0.00592947
-0.00597011
-0.00601528
-0.00606096
-0.00610369
-0.00615377
-0.00619665
-0.00624496
-0.00629118
-0.00633193
-0.00637236
-0.00640373
-0.00641947
-0.00641812
-0.00087027
-0.000929601
-0.00101747
-0.00111703
-0.00120782
-0.00127237
-0.00130787
-0.0013338
-0.00138389
-0.00149166
-0.00165323
-0.00181388
-0.00192053
-0.00196654
-0.00200638
-0.0021247
-0.00231774
-0.00246884
-0.00254068
-0.00264703
-0.00282526
-0.00296005
-0.00302352
-0.00312868
-0.00330304
-0.00345336
-0.00354425
-0.00362794
-0.00373447
-0.00384713
-0.00394723
-0.00402929
-0.00409998
-0.00416978
-0.0042372
-0.00429686
-0.00435167
-0.00440184
-0.00444541
-0.00448807
-0.00453169
-0.00456894
-0.00459943
-0.0046305
-0.00466265
-0.00469118
-0.0047163
-0.00474105
-0.00476567
-0.00478907
-0.00481149
-0.00483372
-0.00485594
-0.00487816
-0.00490053
-0.00492325
-0.00494642
-0.00497009
-0.00499432
-0.00501915
-0.00504459
-0.00507066
-0.00509734
-0.00512467
-0.00515257
-0.00518115
-0.00521025
-0.00524009
-0.00527036
-0.0053015
-0.00533288
-0.00536539
-0.00539784
-0.0054318
-0.00546529
-0.00550076
-0.00553535
-0.00557225
-0.0056082
-0.00564618
-0.00568411
-0.00572249
-0.00576322
-0.0058014
-0.00584527
-0.00588363
-0.00592951
-0.00597019
-0.00601538
-0.00606112
-0.00610389
-0.00615403
-0.00619699
-0.00624534
-0.00629166
-0.00633243
-0.0063729
-0.00640431
-0.00642
-0.00641869
-0.000986062
-0.00106402
-0.00113978
-0.00119364
-0.00122253
-0.00124828
-0.00130506
-0.00141178
-0.00155325
-0.00168426
-0.00176293
-0.00179515
-0.00183623
-0.00194006
-0.00210653
-0.00226471
-0.00234501
-0.00239394
-0.00251572
-0.00268966
-0.00280566
-0.00286739
-0.00297727
-0.00314385
-0.00327728
-0.00335378
-0.00343825
-0.00356022
-0.00368126
-0.00377474
-0.00385602
-0.00393928
-0.00401994
-0.00409415
-0.00416269
-0.00422503
-0.00428272
-0.00433706
-0.00438646
-0.00443243
-0.00447767
-0.00451956
-0.00455593
-0.00459021
-0.00462456
-0.00465683
-0.00468603
-0.00471383
-0.00474111
-0.00476738
-0.00479256
-0.0048172
-0.00484158
-0.00486579
-0.00488994
-0.00491422
-0.00493874
-0.00496358
-0.00498882
-0.0050145
-0.00504067
-0.00506735
-0.00509455
-0.00512231
-0.00515059
-0.00517948
-0.00520885
-0.00523891
-0.00526937
-0.00530067
-0.00533219
-0.00536481
-0.00539736
-0.00543141
-0.00546496
-0.0055005
-0.00553513
-0.00557207
-0.00560807
-0.00564607
-0.00568403
-0.00572244
-0.00576318
-0.00580139
-0.00584527
-0.00588366
-0.00592956
-0.00597028
-0.00601549
-0.00606128
-0.00610409
-0.00615428
-0.00619732
-0.00624571
-0.00629212
-0.00633293
-0.00637342
-0.00640486
-0.00642052
-0.00641922
-0.00106737
-0.00110472
-0.00114525
-0.00119505
-0.00126182
-0.00134965
-0.00145106
-0.00154727
-0.0016202
-0.00167038
-0.00172466
-0.00181432
-0.00194158
-0.0020717
-0.00216298
-0.00221829
-0.00229611
-0.00243198
-0.00257403
-0.00266351
-0.00273668
-0.0028561
-0.00299845
-0.00310546
-0.00318531
-0.00328337
-0.0034034
-0.00351526
-0.0036069
-0.00369159
-0.00378031
-0.00386892
-0.0039496
-0.00402253
-0.00409167
-0.00415727
-0.0042185
-0.00427599
-0.00432943
-0.00437899
-0.00442643
-0.00447152
-0.00451262
-0.00455067
-0.00458753
-0.00462282
-0.00465564
-0.00468658
-0.00471651
-0.00474543
-0.00477324
-0.00480024
-0.00482676
-0.00485291
-0.00487884
-0.00490468
-0.00493057
-0.00495662
-0.00498289
-0.00500948
-0.00503641
-0.00506375
-0.0050915
-0.00511974
-0.00514842
-0.00517765
-0.00520731
-0.00523762
-0.00526828
-0.00529976
-0.00533143
-0.00536418
-0.00539684
-0.00543097
-0.00546461
-0.00550021
-0.00553489
-0.00557188
-0.00560792
-0.00564595
-0.00568394
-0.00572237
-0.00576314
-0.00580137
-0.00584527
-0.00588369
-0.0059296
-0.00597036
-0.0060156
-0.00606143
-0.0061043
-0.00615453
-0.00619764
-0.00624608
-0.00629256
-0.00633341
-0.00637392
-0.00640539
-0.00642101
-0.00641973
-0.0011158
-0.0011564
-0.00121284
-0.00128344
-0.00135927
-0.00143041
-0.00149333
-0.00155436
-0.00162599
-0.0017168
-0.00182106
-0.00191963
-0.00199711
-0.00205986
-0.0021347
-0.00224233
-0.00236611
-0.00246648
-0.00253992
-0.00262839
-0.0027501
-0.00286895
-0.00295804
-0.00304202
-0.00314813
-0.00326255
-0.00336175
-0.00344917
-0.00353942
-0.00363314
-0.00372257
-0.00380528
-0.00388324
-0.0039578
-0.00402913
-0.00409662
-0.00415992
-0.0042196
-0.00427592
-0.00432872
-0.00437871
-0.00442634
-0.00447095
-0.00451251
-0.00455209
-0.00459002
-0.00462589
-0.0046598
-0.00469232
-0.00472369
-0.00475393
-0.0047832
-0.00481177
-0.00483981
-0.00486745
-0.00489483
-0.0049221
-0.00494935
-0.00497668
-0.00500418
-0.0050319
-0.00505992
-0.00508826
-0.00511699
-0.0051461
-0.00517569
-0.00520566
-0.00523623
-0.00526712
-0.00529879
-0.00533062
-0.0053635
-0.00539628
-0.00543051
-0.00546423
-0.00549989
-0.00553464
-0.00557168
-0.00560775
-0.00564582
-0.00568385
-0.0057223
-0.00576309
-0.00580135
-0.00584527
-0.00588371
-0.00592965
-0.00597044
-0.00601571
-0.00606158
-0.00610449
-0.00615477
-0.00619794
-0.00624642
-0.00629296
-0.00633385
-0.00637438
-0.00640587
-0.00642149
-0.00642021
-0.00119885
-0.00124618
-0.00129621
-0.00134966
-0.00140666
-0.00146928
-0.00154087
-0.00162228
-0.00170868
-0.00179101
-0.0018633
-0.00192995
-0.00200391
-0.00209446
-0.00219566
-0.00228981
-0.00236844
-0.00244677
-0.00254416
-0.00265346
-0.00275116
-0.00283506
-0.00292524
-0.00302893
-0.00313165
-0.00322333
-0.00331096
-0.00340282
-0.00349629
-0.00358504
-0.00366835
-0.00374907
-0.00382791
-0.00390344
-0.0039751
-0.00404326
-0.00410809
-0.00416966
-0.00422811
-0.00428338
-0.00433572
-0.00438552
-0.00443271
-0.00447717
-0.00451932
-0.0045596
-0.00459797
-0.00463444
-0.00466933
-0.00470291
-0.00473529
-0.00476661
-0.00479708
-0.00482686
-0.0048561
-0.00488495
-0.00491352
-0.00494194
-0.0049703
-0.00499871
-0.00502723
-0.00505594
-0.00508487
-0.00511412
-0.00514366
-0.00517364
-0.00520393
-0.00523478
-0.0052659
-0.00529777
-0.00532977
-0.0053628
-0.00539569
-0.00543003
-0.00546383
-0.00549957
-0.00553438
-0.00557147
-0.00560758
-0.00564569
-0.00568374
-0.00572223
-0.00576304
-0.00580132
-0.00584526
-0.00588373
-0.00592969
-0.00597051
-0.00601581
-0.00606171
-0.00610467
-0.00615498
-0.00619821
-0.00624673
-0.00629331
-0.00633426
-0.0063748
-0.00640632
-0.00642193
-0.00642066
-0.00125663
-0.00131672
-0.00137604
-0.00143678
-0.00149998
-0.0015652
-0.00163086
-0.00169551
-0.00175946
-0.00182563
-0.00189803
-0.00197807
-0.0020621
-0.00214376
-0.00222035
-0.00229702
-0.00238195
-0.00247525
-0.00256719
-0.00265172
-0.0027357
-0.0028276
-0.00292397
-0.00301595
-0.00310309
-0.00319142
-0.00328249
-0.00337234
-0.00345856
-0.00354226
-0.00362462
-0.00370516
-0.00378292
-0.00385752
-0.00392913
-0.00399792
-0.00406379
-0.00412666
-0.00418661
-0.0042437
-0.004298
-0.00434971
-0.00439896
-0.00444571
-0.00449012
-0.0045325
-0.00457297
-0.0046116
-0.00464856
-0.00468407
-0.00471831
-0.00475141
-0.00478353
-0.00481485
-0.00484551
-0.00487564
-0.00490538
-0.00493486
-0.00496416
-0.0049934
-0.00502265
-0.00505201
-0.00508151
-0.00511125
-0.00514122
-0.00517156
-0.00520217
-0.00523329
-0.00526464
-0.00529671
-0.00532888
-0.00536206
-0.00539508
-0.00542952
-0.00546341
-0.00549923
-0.0055341
-0.00557124
-0.0056074
-0.00564555
-0.00568363
-0.00572215
-0.00576298
-0.00580128
-0.00584525
-0.00588374
-0.00592972
-0.00597056
-0.00601589
-0.00606182
-0.00610481
-0.00615517
-0.00619843
-0.006247
-0.00629362
-0.0063346
-0.00637516
-0.00640671
-0.00642233
-0.00642107
-0.00127681
-0.00137629
-0.00146921
-0.00154882
-0.00161436
-0.00166932
-0.00171943
-0.00177072
-0.00182759
-0.00189139
-0.00196036
-0.00203151
-0.00210331
-0.00217699
-0.00225482
-0.00233675
-0.00241938
-0.00249955
-0.00257883
-0.00266171
-0.00274899
-0.00283664
-0.00292186
-0.00300661
-0.00309331
-0.00318087
-0.00326675
-0.00335051
-0.00343328
-0.00351532
-0.00359575
-0.00367391
-0.00374974
-0.00382329
-0.0038944
-0.00396292
-0.00402883
-0.00409211
-0.00415277
-0.00421083
-0.00426631
-0.00431933
-0.00436999
-0.00441835
-0.00446448
-0.00450856
-0.00455073
-0.00459111
-0.00462981
-0.00466702
-0.00470287
-0.00473753
-0.00477113
-0.00480383
-0.00483577
-0.00486708
-0.0048979
-0.00492834
-0.00495851
-0.00498853
-0.00501846
-0.00504842
-0.00507844
-0.00510864
-0.005139
-0.00516968
-0.00520058
-0.00523196
-0.00526352
-0.00529578
-0.0053281
-0.00536141
-0.00539454
-0.00542908
-0.00546305
-0.00549893
-0.00553386
-0.00557105
-0.00560725
-0.00564543
-0.00568354
-0.00572208
-0.00576293
-0.00580125
-0.00584523
-0.00588374
-0.00592974
-0.0059706
-0.00601595
-0.00606191
-0.00610493
-0.00615531
-0.0061986
-0.0062472
-0.00629384
-0.00633485
-0.00637544
-0.00640701
-0.00642268
-0.00642147
-0.00125064
-0.00139299
-0.00152547
-0.00163109
-0.00170791
-0.00176304
-0.00180679
-0.00184845
-0.00189418
-0.0019468
-0.0020068
-0.00207349
-0.00214551
-0.00222088
-0.0022973
-0.00237323
-0.00244895
-0.00252613
-0.00260575
-0.00268688
-0.00276811
-0.00284958
-0.00293239
-0.0030165
-0.00310053
-0.0031835
-0.00326563
-0.00334723
-0.00342801
-0.00350742
-0.0035852
-0.00366128
-0.00373551
-0.00380763
-0.00387745
-0.00394492
-0.00401004
-0.00407279
-0.00413314
-0.00419106
-0.00424658
-0.00429979
-0.00435079
-0.00439963
-0.00444638
-0.00449116
-0.00453412
-0.00457535
-0.00461499
-0.00465316
-0.00469
-0.00472566
-0.00476026
-0.00479393
-0.00482682
-0.00485904
-0.00489072
-0.00492197
-0.00495289
-0.00498359
-0.00501415
-0.00504466
-0.00507519
-0.00510584
-0.0051366
-0.00516763
-0.00519883
-0.00523047
-0.00526227
-0.00529472
-0.00532722
-0.00536068
-0.00539393
-0.00542857
-0.00546263
-0.00549859
-0.00553358
-0.00557082
-0.00560707
-0.00564528
-0.00568343
-0.00572199
-0.00576287
-0.00580121
-0.0058452
-0.00588373
-0.00592974
-0.00597062
-0.00601599
-0.00606196
-0.00610499
-0.00615539
-0.00619871
-0.00624732
-0.00629399
-0.00633501
-0.00637561
-0.0064072
-0.00642293
-0.00642186
-0.00120982
-0.00137638
-0.00153488
-0.00166004
-0.00174728
-0.00180459
-0.00184492
-0.0018807
-0.00192088
-0.00197003
-0.00202885
-0.00209541
-0.00216675
-0.00224034
-0.0023149
-0.00239027
-0.00246664
-0.00254387
-0.00262164
-0.0027001
-0.0027799
-0.00286136
-0.00294383
-0.00302637
-0.00310858
-0.00319055
-0.00327211
-0.00335282
-0.00343233
-0.00351054
-0.0035874
-0.00366268
-0.00373608
-0.00380737
-0.00387645
-0.00394327
-0.00400779
-0.00407001
-0.0041299
-0.00418741
-0.00424258
-0.0042955
-0.00434624
-0.00439488
-0.00444149
-0.00448618
-0.00452907
-0.00457029
-0.00460996
-0.0046482
-0.00468515
-0.00472095
-0.00475573
-0.00478961
-0.00482273
-0.0048552
-0.00488713
-0.00491865
-0.00494985
-0.00498082
-0.00501164
-0.00504242
-0.00507319
-0.00510407
-0.00513505
-0.00516628
-0.00519766
-0.00522947
-0.00526142
-0.005294
-0.00532661
-0.00536016
-0.0053935
-0.00542822
-0.00546234
-0.00549835
-0.00553339
-0.00557067
-0.00560694
-0.00564518
-0.00568335
-0.00572193
-0.00576282
-0.00580117
-0.00584518
-0.00588371
-0.00592974
-0.00597062
-0.006016
-0.00606197
-0.00610502
-0.00615542
-0.00619874
-0.00624737
-0.00629404
-0.00633506
-0.00637567
-0.00640727
-0.00642304
-0.00642216
)
;

boundaryField
{
    zeroGradientPlanes
    {
        type            zeroGradient;
    }
    inlet
    {
        type            zeroGradient;
    }
    plate
    {
        type            zeroGradient;
    }
    frontAndBack
    {
        type            empty;
    }
}


// ************************************************************************* //
